2 0.41720430156250005 0.3900573609375 0.4268817203125 0.4321223703125 0.4236559140625 0.45506692187500003 0.4290322578125 0.460803059375 0.4279569890625 0.48565965625 0.4193548390625 0.4933078390625 0.40967741875 0.5239005734375 0.41182795624999996 0.5640535375 0.4021505375 0.5755258125 0.39677419375 0.5946462718750001 0.39784946250000003 0.617590821875 0.41182795624999996 0.606118546875 0.44193548437499997 0.6328871890625 0.47311827968750003 0.6711281078125 0.5 0.7227533453125 0.50967741875 0.728489484375 0.5107526874999999 0.6921606125 0.5365591390625 0.6902485656249999 0.544086021875 0.6558317406249999 0.5612903218749999 0.62523900625 0.5709677421875 0.5965583171875 0.5784946234375 0.5411089859375 0.5935483875 0.48757170156249996 0.595698925 0.45315487499999996 0.5731182796875001 0.3288718921875 0.5451612906250001 0.2848948375 0.5301075265625 0.2791587 0.3774193546875 0.321223709375 0.3752688171875 0.33269598437500003 0.38817204375 0.399617590625 0.41397849531249997 0.3862332703125 0.41720430156250005 0.3900573609375
2 0.3322580640625 0.6806883359375 0.340860215625 0.6883365203125 0.3709677421875 0.6826003828125 0.3731182796875 0.667304015625 0.38387096718749997 0.6520076484375 0.38817204375 0.6347992359375 0.3892473125 0.5869980875 0.3752688171875 0.583173996875 0.34838709687499997 0.5984703640625 0.3311827953125 0.63671128125 0.3290322578125 0.6520076484375 0.33870967812499997 0.6558317406249999 0.340860215625 0.673040153125 0.3322580640625 0.6806883359375
2 0.33010752656250003 0.5506692156249999 0.343010753125 0.5525812625000001 0.39677419375 0.5200764812500001 0.39247311875 0.44168260000000004 0.3752688171875 0.34034416875 0.359139784375 0.2772466546875 0.343010753125 0.23518164375 0.30645161249999997 0.18929254375 0.28064516093749997 0.1854684515625 0.23763440937500002 0.19311663437499998 0.2741935484375 0.2523900578125 0.3 0.33460803125 0.3247311828125 0.460803059375 0.33010752656250003 0.5506692156249999
2 0.5247311828125001 0.47609942656250004 0.5365591390625 0.50860420625 0.5344086015625 0.5200764812500001 0.540860215625 0.556405353125 0.539784946875 0.5755258125 0.544086021875 0.5793499046874999 0.544086021875 0.516252390625 0.5365591390625 0.48565965625 0.5247311828125001 0.466539196875 0.504301075 0.4455066921875 0.4870967734375 0.44168260000000004 0.43870967812500006 0.45315487499999996 0.43763440937500003 0.466539196875 0.443010753125 0.4703632890625 0.51182795625 0.4646271515625 0.5247311828125001 0.47609942656250004
2 0.24516129062499997 0.5984703640625 0.260215053125 0.611854684375 0.31290322656249997 0.6099426390625 0.3849462359375 0.5755258125 0.39247311875 0.5869980875 0.4064516125 0.5525812625000001 0.4064516125 0.521988528125 0.40322580625000004 0.5181644359375001 0.352688171875 0.5506692156249999 0.30107526875 0.5678776296875 0.260215053125 0.569789675 0.23010752656250003 0.5583174 0.20752688125000002 0.5583174 0.1806451609375 0.569789675 0.18494623593749998 0.5984703640625 0.19032258124999998 0.600382409375 0.2204301078125 0.5908221796875 0.24516129062499997 0.5984703640625
2 0.14731182812500002 0.6405353734375 0.14946236562499998 0.606118546875 0.141935484375 0.5984703640625 0.0698924734375 0.6806883359375 0.0795698921875 0.709369025 0.09139785 0.701720840625 0.1279569890625 0.6558317406249999 0.14731182812500002 0.6405353734375
2 0.5688172046875 0.7323135749999999 0.5849462359375 0.667304015625 0.595698925 0.5411089859375 0.6064516125 0.48757170156249996 0.5860215046875 0.5009560234375 0.5752688171875 0.5583174 0.5709677421875 0.6520076484375 0.550537634375 0.7323135749999999 0.5301075265625 0.7437858515625 0.5279569890625 0.7189292546875 0.5322580640625 0.6921606125 0.5290322578125 0.6634799234375001 0.5215053765625 0.678776290625 0.5150537640625 0.6806883359375 0.5129032265625 0.745697896875 0.5268817203125 0.77629063125 0.5451612906250001 0.7782026765625 0.5688172046875 0.7323135749999999
2 0.6870967734375 0.07839388124999999 0.6849462359375 0.0630975140625 0.6720430109375 0.05353728437500001 0.6688172046874999 0.040152964062500004 0.658064515625 0.0439770546875 0.6537634406249999 0.024856596875 0.641935484375 0.019120459375000003 0.640860215625 0.036328871875 0.649462365625 0.061185468750000006 0.6698924734375 0.08221797343750001 0.6870967734375 0.07839388124999999
2 0.49892473125 0.07839388124999999 0.59677419375 0.06692160625 0.6053763437499999 0.059273421874999996 0.6053763437499999 0.051625239062499995 0.59139785 0.026768642187500004 0.5795698921875 0.02294455 0.5290322578125 0.042065009375000004 0.39892473125 0.06692160625 0.36666666718749996 0.08030592656249999 0.3634408609375 0.086042065625 0.36666666718749996 0.10325047812499999 0.39139785 0.1070745703125 0.49892473125 0.07839388124999999
2 0.50537634375 0.254302103125 0.5150537640625 0.2466539203125 0.549462365625 0.267686425 0.5731182796875001 0.2868068828125 0.5849462359375 0.30975143437499997 0.6053763437499999 0.388145315625 0.6161290328125 0.47992351875 0.6225806453125 0.48374760937500005 0.6268817203125 0.3556405359375 0.60752688125 0.2619502875 0.546236559375 0.187380496875 0.5333333328125 0.1625239 0.5236559140625 0.18929254375 0.51182795625 0.2026768640625 0.51182795625 0.21797323125 0.5 0.23518164375 0.504301075 0.23900573593750002 0.50537634375 0.254302103125
2 0.254838709375 0.5066921609375 0.260215053125 0.48948374687499996 0.260215053125 0.430210325 0.253763440625 0.4034416828125 0.244086021875 0.3957934984375 0.21182795625 0.4015296359375 0.195698925 0.44741873749999994 0.195698925 0.49139579375000003 0.2204301078125 0.5009560234375 0.22473118281249999 0.5258126187500001 0.254838709375 0.5066921609375
2 0.1806451609375 0.3422562140625 0.21182795625 0.3365200765625 0.2139784953125 0.2581261953125 0.204301075 0.22944550625 0.19677419375 0.22370936874999997 0.1709677421875 0.22944550625 0.153763440625 0.21606118593749998 0.1193548390625 0.237093690625 0.1193548390625 0.29445506718750003 0.13333333281249998 0.3173996171875 0.154838709375 0.3193116640625 0.1806451609375 0.3422562140625
2 0.39247311875 0.86042065 0.36666666718749996 0.8451242828125001 0.358064515625 0.8317399625 0.350537634375 0.8355640531249999 0.33870967812499997 0.8967495218750001 0.3215053765625 0.9483747609375 0.3215053765625 0.9713193109375 0.33440860156249996 0.988527725 0.345161290625 0.9923518171874999 0.39247311875 0.86042065
2 0.47741935468749996 0.9598470359375 0.48924731250000003 0.9235181640624999 0.48494623593749997 0.9120458890625001 0.450537634375 0.8833652000000001 0.44193548437499997 0.9063097515624999 0.43870967812500006 0.9196940734375 0.443010753125 0.9541108984375001 0.450537634375 0.9655831734375001 0.47741935468749996 0.9598470359375
2 0.195698925 0.774378584375 0.2139784953125 0.7858508609375 0.250537634375 0.7724665390625 0.2655913984375 0.7323135749999999 0.26344086093749997 0.7246653921874999 0.250537634375 0.7304015296874999 0.23978494687500002 0.7036328875 0.22473118281249999 0.6864244734375 0.2 0.6883365203125 0.1870967734375 0.7036328875 0.1763440859375 0.7036328875 0.1752688171875 0.7227533453125 0.18279569843750001 0.7323135749999999 0.1870967734375 0.7590822187499999 0.195698925 0.774378584375
2 0.2215053765625 0.684512428125 0.238709678125 0.6998087953125001 0.251612903125 0.6998087953125001 0.2731182796875 0.684512428125 0.2784946234375 0.6653919687500001 0.2784946234375 0.6386233265625 0.2645161296875 0.6137667296875 0.2279569890625 0.5984703640625 0.22258064531250002 0.611854684375 0.20537634374999997 0.62523900625 0.20322580625 0.64818355625 0.1978494625 0.6558317406249999 0.20537634374999997 0.6864244734375 0.2215053765625 0.684512428125
2 0.2204301078125 0.546845125 0.2215053765625 0.510516253125 0.19462365625 0.47801147187500004 0.1978494625 0.443594646875 0.20860215000000001 0.4015296359375 0.20107526875 0.3594646265625 0.1860215046875 0.34799235156249997 0.1731182796875 0.34799235156249997 0.1247311828125 0.3862332703125 0.12258064531249999 0.399617590625 0.146236559375 0.4321223703125 0.1774193546875 0.562141490625 0.2204301078125 0.546845125
2 0.5215053765625 0.8355640531249999 0.5311827953125 0.8087954109375 0.5301075265625 0.7858508609375 0.5172043015625001 0.774378584375 0.48064516093750004 0.77629063125 0.454838709375 0.7495219890625 0.440860215625 0.7476099421875 0.4204301078125 0.6998087953125001 0.4215053765625 0.64244741875 0.40430107499999995 0.62523900625 0.39247311875 0.63097514375 0.3784946234375 0.6806883359375 0.3784946234375 0.6998087953125001 0.43333333281249997 0.7552581265625 0.50537634375 0.8565965578125001 0.5215053765625 0.8355640531249999