2 0.9553333328125 0.0862851953125 0.9773333328125 0.0926430515625 0.9826666671875 0.090826521875 0.9846666671875001 0.074477746875 0.9826666671875 0.0626703 0.9793333328125 0.058128973437499995 0.9326666671874999 0.0435967296875 0.9246666671874999 0.044504995312500004 0.9206666671875 0.049954587499999994 0.9206666671875 0.0753860125 0.9226666671875 0.07720254374999999 0.9406666671874999 0.0781108078125 0.9553333328125 0.0862851953125
2 0.7046666671875 0.1980018171875 0.72 0.192552225 0.73 0.172570390625 0.7293333328125 0.159854678125 0.7246666671875001 0.15531335156249998 0.6686666671875 0.1407811078125 0.654 0.132606721875 0.606 0.122615803125 0.576 0.11080835625 0.564 0.11353315156249999 0.5573333328125 0.129881925 0.558 0.145322434375 0.564 0.1534968203125 0.6126666671875001 0.171662125 0.7046666671875 0.1980018171875
2 0.6519999999999999 0.24795640312499997 0.6566666671875 0.24432334218750001 0.6626666671875 0.2461398734375 0.6833333328125 0.23978201562499998 0.6806666671875 0.23160762968749998 0.6846666671875 0.22070844687500002 0.6839999999999999 0.21253405937499997 0.678 0.2043596734375 0.4993333328125 0.15531335156249998 0.4766666671875 0.1534968203125 0.47133333281249995 0.15712988125 0.4686666671875 0.16530426874999998 0.46333333281250005 0.1898274296875 0.47066666718750005 0.199818346875 0.6406666671875 0.2470481375 0.6519999999999999 0.24795640312499997
2 0.6406666671875 0.32697547656250003 0.6466666671875 0.323342415625 0.6553333328125001 0.28247048124999996 0.6453333328124999 0.270663034375 0.616 0.260672115625 0.42000000000000004 0.21253405937499997 0.40800000000000003 0.21525885625000002 0.3966666671875 0.2379654859375 0.396 0.2588555859375 0.3986666671875 0.2633969125 0.4073333328125 0.2670299734375 0.6406666671875 0.32697547656250003
2 0.6113333328125 0.41507720312499996 0.6213333328124999 0.41235240624999997 0.6286666671875001 0.379654859375 0.6253333328124999 0.3560399640625 0.6166666671875001 0.350590371875 0.48733333281249996 0.323342415625 0.3806666671875 0.296094459375 0.3566666671875 0.2924613984375 0.3506666671875 0.29791099062500004 0.34199999999999997 0.3142597640625 0.3393333328125 0.34514078125 0.3433333328125 0.352406903125 0.392 0.36603088125 0.6113333328125 0.41507720312499996
2 0.7506666671875 0.150772025 0.7586666671875 0.1471389640625 0.7693333328125 0.1544050859375 0.7766666671875 0.1544050859375 0.7793333328125 0.151680290625 0.7813333328125001 0.1380563125 0.78 0.11989100781249999 0.7886666671875 0.11080835625 0.8140000000000001 0.122615803125 0.8266666671875 0.12352406875 0.8333333328125001 0.1280653953125 0.8413333328125001 0.1262488640625 0.8413333328125001 0.0944595828125 0.844 0.0862851953125 0.8800000000000001 0.101725703125 0.9006666671874999 0.1008174390625 0.9066666671875 0.0917347859375 0.9086666671874999 0.07720254374999999 0.9126666671875 0.0753860125 0.9086666671874999 0.06902815625 0.9119999999999999 0.0599455046875 0.9119999999999999 0.04813805625 0.9073333328125001 0.040871934375 0.8766666671875001 0.029064487500000003 0.8613333328125 0.0336058125 0.8539999999999999 0.05177111718750001 0.8380000000000001 0.05177111718750001 0.8053333328125 0.044504995312500004 0.7673333328124999 0.0317892828125 0.7606666671875 0.0372388734375 0.7566666671875 0.059037239062500003 0.7406666671875 0.06085376875 0.6886666671875 0.047229790625000004 0.682 0.05358764687499999 0.6793333328125 0.0653950953125 0.682 0.076294278125 0.6759999999999999 0.084468665625 0.612 0.06902815625 0.604 0.084468665625 0.604 0.101725703125 0.6133333328125 0.1080835609375 0.6566666671875 0.12443233437500001 0.7506666671875 0.150772025
2 0.296 0.4786557671875 0.30333333281249997 0.482288828125 0.61 0.5440508625 0.6186666671875 0.544959128125 0.622 0.5404178015625 0.6313333328125 0.4859218890625 0.6266666671875 0.4722979109375 0.6086666671875001 0.4659400546875 0.3373333328125 0.41235240624999997 0.32799999999999996 0.40781108125000004 0.3066666671875 0.40781108125000004 0.30133333281249997 0.4232515890625 0.298 0.44959128125000003 0.3 0.455040871875 0.294 0.47320617656249997 0.296 0.4786557671875
2 0.25866666718750003 0.8319709359375 0.25866666718750003 0.9064486828125 0.7166666671875 0.9082652140624999 0.72 0.9037238875 0.7186666671874999 0.89736603125 0.724 0.8855585828124999 0.732 0.8801089921875 0.732 0.8764759312500001 0.7086666671875 0.8692098093749999 0.6686666671875 0.867393278125 0.24733333281249997 0.8101725703125 0.2286666671875 0.8092643046875001 0.2226666671875 0.8138056312499999 0.2206666671875 0.8183469578125001 0.22400000000000003 0.82198001875 0.24933333281249997 0.8237965484374999 0.25866666718750003 0.8319709359375
2 0.266 0.6257947328125 0.266 0.6503178921874999 0.2686666671875 0.655767484375 0.3846666671875 0.6802906453124999 0.638 0.722979109375 0.644 0.7175295187499999 0.646 0.7093551312499999 0.65 0.6457765671875 0.646 0.6366939140625 0.6393333328125 0.63396911875 0.2833333328125 0.5694822890625 0.2793333328125 0.57947320625 0.2746666671875 0.57947320625 0.2666666671875 0.5676657578125 0.25 0.565849228125 0.2506666671875 0.5758401453124999 0.2686666671875 0.5758401453124999 0.2706666671875 0.580381471875 0.266 0.6257947328125
2 0.6853333328125 0.532243415625 0.7193333328125 0.5558583109375 0.7426666671875 0.5558583109375 0.7413333328125 0.544959128125 0.738 0.5413260671875 0.7233333328125 0.5404178015625 0.6940000000000001 0.5195277015624999 0.6946666671874999 0.5122615796875001 0.7013333328125 0.5086285187499999 0.724 0.50408719375 0.7286666671875001 0.49318801093750003 0.712 0.48955495000000004 0.6766666671875 0.5068119890625 0.6726666671875 0.5131698453125 0.6773333328125 0.53133515 0.6753333328125 0.5340599453125 0.6853333328125 0.532243415625
2 0.7733333328125 0.739327884375 0.7853333328125001 0.73024523125 0.7813333328125001 0.718437784375 0.762 0.718437784375 0.7533333328125 0.7148047234375 0.7293333328125 0.6948228890625 0.7246666671875001 0.68392370625 0.748 0.668483196875 0.76 0.6693914624999999 0.76 0.6657584015625 0.766 0.6603088109375 0.762 0.6521344234375 0.7473333328125 0.6503178921874999 0.736 0.6539509531250001 0.72 0.6639418703125 0.72 0.6712079921874999 0.7133333328125 0.676657584375 0.7086666671875 0.6730245234375001 0.7033333328125 0.676657584375 0.702 0.689373296875 0.7073333328125 0.7002724796875001 0.746 0.7320617625 0.7733333328125 0.739327884375
2 0.8266666671875 0.8946412359375 0.8413333328125001 0.8919164390625 0.8546666671875001 0.8801089921875 0.8460000000000001 0.8710263390625 0.826 0.870118075 0.8140000000000001 0.877384196875 0.7966666671875 0.8955495000000001 0.794 0.8991825609375 0.7946666671875 0.9046321531249999 0.8133333328125 0.9082652140624999 0.8266666671875 0.8946412359375
2 0.7533333328125 0.2633969125 0.75 0.2579473203125 0.7513333328125 0.2425068125 0.758 0.2425068125 0.7626666671875 0.23614895625000001 0.75 0.2297910984375 0.7233333328125 0.2306993640625 0.7166666671875 0.23978201562499998 0.7186666671874999 0.256130790625 0.732 0.2661217078125 0.7466666671875 0.26975476875000004 0.7533333328125 0.2633969125
2 0.7286666671875001 0.337874659375 0.734 0.3333333328125 0.734 0.329700271875 0.7286666671875001 0.3260672109375 0.7286666671875001 0.3069936421875 0.7346666671875 0.29881925468750004 0.7313333328125 0.29518619375 0.7086666671875 0.296094459375 0.696 0.30336058125 0.6926666671875 0.3006357859375 0.688 0.30336058125 0.6866666671874999 0.3124432328125 0.6900000000000001 0.3197093546875 0.7113333328125 0.3342415984375 0.7286666671875001 0.337874659375
2 0.7206666671875 0.42688465000000003 0.722 0.4178019984375 0.72 0.41416893750000006 0.7013333328125 0.41053587656249996 0.6893333328125 0.401453225 0.6940000000000001 0.392370571875 0.7166666671875 0.3905540421875 0.72 0.379654859375 0.7113333328125 0.3760217984375 0.6966666671875 0.3769300640625 0.674 0.38328792031250003 0.6693333328125 0.38873751093750003 0.6679999999999999 0.3960036328125 0.6753333328125 0.40781108125000004 0.704 0.425976384375 0.7206666671875 0.42688465000000003