2 0 0 0 0.37263464375 0.10948191562500001 0.37845705937499996 0.1495601171875 0.37845705937499996 0.1642228734375 0.37263464375 0.167155425 0.3333333328125 0.1622678390625 0.2692867546875 0.1661779078125 0.2547307125 0.161290321875 0.22707423593749998 0.1554252203125 0.21834061093749998 0.1564027375 0.139737990625 0.150537634375 0.09606986875 0.1534701859375 0.0756914125 0.1515151515625 0.048034934375 0.1622678390625 0.029112081249999998 0.1622678390625 0.0203784578125 0.14369501406250001 0 0 0
2 0.30009775156249996 0.9301310046875001 0.299120234375 0.8937409031250001 0.306940371875 0.87481805 0.31573802500000003 0.7292576421875 0.3147605078125 0.6914119359375 0.30889540625 0.6768558953125 0.306940371875 0.56040756875 0.3079178890625 0.50655021875 0.3147605078125 0.49053857343749996 0.3167155421875 0.47016011718749995 0.3147605078125 0.42649199375 0.306940371875 0.407569140625 0.30009775156249996 0.40320232968749997 0.2228739 0.40465793281250007 0.23167155468749998 0.9941775843749999 0.2336265890625 0.9985443953124999 0.292277615625 0.9985443953124999 0.30009775156249996 0.9301310046875001
2 0.6001955031249999 0 0.608015640625 0.291120815625 0.611925709375 0.32896652187500003 0.61681329375 0.33915575 0.752688171875 0.344978165625 0.748778103125 0.0160116453125 0.74682306875 0.0029112078125 0.741935484375 0.005822415625 0.7350928640625 0 0.6001955031249999 0
2 0.8250244375 0.9825327515625 0.8748778109375 0.9810771468749999 0.8768328453124999 0.9941775843749999 0.8856304984375001 0.9985443953124999 0.9266862171874999 0.9956331875 0.9296187687499999 0.9737991265625 0.9257087 0.6302765640625 0.9178885625 0.4687045125 0.9178885625 0.38719068437500004 0.8797653953125 0.3813682671875 0.7585532749999999 0.37845705937499996 0.76246334375 0.9941775843749999 0.7644183765625 0.9985443953124999 0.8220918859375 0.9985443953124999 0.8250244375 0.9825327515625
2 0.9540566953124999 0.9752547312500001 0.975562071875 0.9679767109374999 0.9784946234375 0.9810771468749999 0.9990224828125 0.9956331875 0.9990224828125 0.330422125 0.9442815250000001 0.3318777296875 0.9433040078125 0.374090246875 0.938416421875 0.38719068437500004 0.9393939390625 0.5050946140625 0.9433040078125 0.5531295484375 0.9462365593750001 0.9650655015625 0.9540566953124999 0.9752547312500001
2 0.1945259046875 0.3857350796875 0.19745845625 0.3930131 0.295210165625 0.3988355171875 0.358748778125 0.3944687046875 0.3538611921875 0.38864628749999997 0.3519061578125 0.374090246875 0.35679374375 0.340611353125 0.3558162265625 0.3173216890625 0.34701857343750003 0.3085880640625 0.34604105625 0.215429403125 0.3391984359375 0.1804949046875 0.32062561093749997 0.186317321875 0.3040078203125 0.1746724890625 0.2737047890625 0.18340611406250001 0.26881720468750003 0.1921397375 0.251221896875 0.1848617171875 0.2404692078125 0.206695778125 0.228739003125 0.1979621546875 0.22776148593749998 0.1921397375 0.2199413484375 0.1921397375 0.20039100625 0.19650655 0.19745845625 0.20815138281249998 0.198435971875 0.24163027656249997 0.1964809390625 0.276564775 0.1935483875 0.2794759828125 0.1945259046875 0.3857350796875
2 0.276637340625 0 0.27468230625 0.0043668125 0.2776148578125 0.008733625 0.27272727343750003 0.027656478125 0.27468230625 0.03784570625 0.303030303125 0.061135371875 0.3098729234375 0.06404657968750001 0.31573802500000003 0.0509461421875 0.329423265625 0.052401746875 0.3352883671875 0.0451237265625 0.3333333328125 0 0.276637340625 0
2 0.40566959843749995 0 0.40762463281250005 0.0218340609375 0.4301075265625 0.040756914062499996 0.43108504375 0.0844250359375 0.42619745781249996 0.1033478890625 0.4320625609375 0.1164483265625 0.429130009375 0.1353711796875 0.43108504375 0.15720524062500002 0.425219940625 0.1688500734375 0.4320625609375 0.1746724890625 0.4506353859375 0.21834061093749998 0.44281525000000005 0.253275109375 0.44965786874999997 0.2838427953125 0.44868035156249997 0.2983988359375 0.45650048906249996 0.3042212515625 0.451612903125 0.3216885 0.4584555234375 0.32751091718750003 0.48582600156250005 0.32896652187500003 0.4897360703125 0.3216885 0.4877810359375 0.2518195046875 0.4975562078125 0.24308588125 0.5014662750000001 0.2459970890625 0.5092864125000001 0.20815138281249998 0.5063538609375 0.18922852968749998 0.5092864125000001 0.17612809375 0.503421309375 0.1557496359375 0.50537634375 0.11499272187500001 0.5083088953125 0.10043668125 0.5249266859375 0.0742358078125 0.5210166171874999 0 0.40566959843749995 0
2 0.49364613906250004 0.1310043671875 0.4975562078125 0.1353711796875 0.5200391 0.1266375546875 0.5180840671875 0.0829694328125 0.511241446875 0.0844250359375 0.5014662750000001 0.061135371875 0.496578690625 0.090247453125 0.488758553125 0.094614265625 0.49462365625000004 0.11062590937500001 0.49364613906250004 0.1310043671875
2 0.5366568921875 0.3173216890625 0.5376344093750001 0.3042212515625 0.5278592375 0.224163028125 0.5278592375 0.173216884375 0.5210166171874999 0.1557496359375 0.5151515156250001 0.16739446875 0.50537634375 0.15866084375 0.5063538609375 0.139737990625 0.496578690625 0.139737990625 0.49266862187499993 0.1455604078125 0.4916911046875 0.21106259062500002 0.4975562078125 0.3216885 0.5288367546875 0.32751091718750003 0.5366568921875 0.3173216890625
2 0.7106549359375001 0.68995633125 0.715542521875 0.70305676875 0.715542521875 0.938864628125 0.723362659375 0.96215429375 0.7331378296875 0.9708879187499999 0.74682306875 0.9650655015625 0.75464320625 0.9490538578125 0.7556207234375 0.937409025 0.7556207234375 0.9068413390625001 0.7497556203125 0.8922852984375 0.7517106546875 0.7671033484375 0.7448680359375001 0.7379912656250001 0.7517106546875 0.7278020374999999 0.7507331374999999 0.5356623 0.74682306875 0.5007278015625001 0.734115346875 0.4759825328125 0.73607038125 0.47016011718749995 0.7204301078124999 0.4643377 0.7204301078124999 0.4818049484375 0.7145650046875 0.48762736562500003 0.704789834375 0.4861717609375 0.7038123171875 0.5327510921874999 0.7028348 0.650655021875 0.71749755625 0.671033478125 0.71749755625 0.6855895203125 0.7106549359375001 0.68995633125