2 0.16181818125 0.432038834375 0.16 0.4660194171875 0.14181818125 0.5 0.1454545453125 0.519417475 0.1254545453125 0.5436893203125 0.1254545453125 0.5582524265625 0.14181818125 0.6237864078124999 0.1872727265625 0.682038834375 0.23454545468750002 0.652912621875 0.310909090625 0.6456310671875001 0.34363636406250003 0.6893203890625 0.3936363640625 0.66504854375 0.42000000000000004 0.667475728125 0.48181818125 0.6092233015625 0.5254545453125 0.5436893203125 0.5127272734375 0.516990290625 0.5145454546875 0.4466019421875 0.52 0.427184465625 0.5363636359374999 0.417475728125 0.5363636359374999 0.3883495140625 0.5563636359374999 0.347087378125 0.5563636359374999 0.3300970875 0.5363636359374999 0.32038835 0.5254545453125 0.2961165046875 0.52 0.24514563125 0.5 0.2111650484375 0.49818181875 0.19174757343749999 0.47818181875 0.1699029125 0.45999999999999996 0.167475728125 0.43454545468749994 0.148058253125 0.40545454531249997 0.15533980625 0.3745454546875 0.1504854375 0.33999999999999997 0.12135922343750001 0.269090909375 0.14563106718750002 0.2654545453125 0.15291262187500002 0.2745454546875 0.1699029125 0.270909090625 0.2257281546875 0.24727272656250002 0.22087378593749998 0.24727272656250002 0.1941747578125 0.23454545468750002 0.1941747578125 0.2145454546875 0.177184465625 0.18181818125 0.2038834953125 0.1454545453125 0.3033980578125 0.1527272734375 0.332524271875 0.1745454546875 0.35922330156250004 0.17818181875 0.3810679609375 0.16181818125 0.432038834375
2 0.5527272734374999 0.8131067968749999 0.57818181875 0.8325242718749999 0.62181818125 0.82524271875 0.6636363640625 0.84466019375 0.6727272734375 0.8713592234374999 0.690909090625 0.8713592234374999 0.7927272734375 0.7402912625 0.80181818125 0.66504854375 0.7963636359375 0.65533980625 0.7963636359375 0.6043689328124999 0.78181818125 0.567961165625 0.73818181875 0.5436893203125 0.6036363640625 0.5582524265625 0.5436363640625 0.592233009375 0.5363636359374999 0.6043689328124999 0.52 0.7281553390625 0.5254545453125 0.74514563125 0.5145454546875 0.7936893203125 0.5236363640625 0.8131067968749999 0.5527272734374999 0.8131067968749999
2 0.4945454546875 0.8907766984375 0.50181818125 0.84466019375 0.49090909062500004 0.82524271875 0.47818181875 0.817961165625 0.45272727343749997 0.83495145625 0.450909090625 0.8519417468749999 0.46363636406250003 0.8834951453125001 0.4727272734375 0.8932038828125 0.4945454546875 0.8907766984375
2 0.032727273437499996 0.7864077671875 0.0036363640625 0.762135921875 0 0.8543689328124999 0.032727273437499996 0.8713592234374999 0.03818181875 0.8567961171875 0.032727273437499996 0.7864077671875
2 0.2 0.8082524265625001 0.23272727343750002 0.7961165046875001 0.23454545468750002 0.8082524265625001 0.249090909375 0.8082524265625001 0.2636363640625 0.837378640625 0.2763636359375 0.84466019375 0.2745454546875 0.8616504859375 0.28545454531250003 0.8762135921875001 0.28181818125 0.997572815625 0.3145454546875 0.997572815625 0.32 0.9757281546875 0.3454545453125 0.9902912625000001 0.3563636359375 0.9781553390625 0.350909090625 0.9684466015625001 0.350909090625 0.8980582531250001 0.34181818124999996 0.8737864078124999 0.349090909375 0.842233009375 0.3563636359375 0.84466019375 0.350909090625 0.7815533984374999 0.370909090625 0.730582525 0.3945454546875 0.7135922328125 0.40545454531249997 0.67475728125 0.38 0.672330096875 0.3654545453125 0.686893203125 0.34181818124999996 0.6893203890625 0.32181818125 0.657766990625 0.3054545453125 0.6504854375 0.30181818125 0.6359223296875001 0.250909090625 0.6407766984375 0.2363636359375 0.662621359375 0.1963636359375 0.6893203890625 0.17090909062499998 0.73543689375 0.1727272734375 0.757281553125 0.189090909375 0.752427184375 0.2036363640625 0.7706310671875001 0.2 0.8082524265625001
2 0.529090909375 0.18446601875 0.530909090625 0.16504854375 0.5127272734375 0.1334951453125 0.4654545453125 0.1165048546875 0.4436363640625 0.1262135921875 0.430909090625 0.14077669843750001 0.48 0.160194175 0.509090909375 0.19174757343749999 0.529090909375 0.18446601875
2 0.0672727265625 0.4635922328125 0.08545454531249999 0.497572815625 0.08 0.51456310625 0.089090909375 0.5242718453124999 0.1363636359375 0.5266990296875 0.1363636359375 0.5 0.1545454546875 0.4635922328125 0.1727272734375 0.3883495140625 0.169090909375 0.3616504859375 0.14727272656249998 0.339805825 0.14181818125 0.313106796875 0.1854545453125 0.19174757343749999 0.2145454546875 0.1699029125 0.2363636359375 0.17475728125 0.2672727265625 0.1383495140625 0.32909090937499996 0.1140776703125 0.34181818124999996 0.1140776703125 0.3763636359375 0.14563106718750002 0.42000000000000004 0.14320388281250002 0.4236363640625 0.1359223296875 0.3672727265625 0.1043689328125 0.3563636359375 0.072815534375 0.3163636359375 0.06310679687500001 0.30181818125 0.08980582499999999 0.22909090937499998 0.0995145625 0.20909090937500002 0.12135922343750001 0.189090909375 0.1286407765625 0.17636363593749999 0.1504854375 0.14181818125 0.157766990625 0.1272727265625 0.18446601875 0.10909090937499999 0.19174757343749999 0.10363636406250001 0.23786407812500002 0.08181818125 0.257281553125 0.11090909062500001 0.31067961093749996 0.0836363640625 0.39077669843749996 0.06 0.407766990625 0.0672727265625 0.4635922328125
2 0.0145454546875 0.8131067968749999 0.0127272734375 0.839805825 0.0345454546875 0.8495145624999999 0.0363636359375 0.8058252421875001 0.0145454546875 0.8131067968749999
2 0.0454545453125 0.742718446875 0.030909090625000003 0.7063106796875 0.032727273437499996 0.6699029125 0.06363636406249999 0.6067961171875 0.0345454546875 0.577669903125 0.0272727265625 0.5558252421875001 0.0036363640625 0.5558252421875001 0 0.76456310625 0.0054545453125 0.7791262140625 0.0363636359375 0.7985436890625001 0.0454545453125 0.742718446875
2 0 0.5388349515625 0.009090909375000001 0.5291262140625 0.0018181812499999997 0.4538834953125 0 0.5388349515625
2 0.1963636359375 0.9733009703125 0.1927272734375 0.9514563109375 0.1836363640625 0.9441747578124999 0.150909090625 0.9538834953125 0.1454545453125 0.9611650484375 0.150909090625 0.98543689375 0.1727272734375 0.9878640781250001 0.1963636359375 0.9733009703125
2 0.650909090625 0.9029126218749999 0.6545454546875 0.9878640781250001 0.6581818187499999 0.997572815625 0.6745454546875 0.997572815625 0.6927272734375001 0.907766990625 0.6854545453124999 0.8713592234374999 0.6545454546875 0.83495145625 0.6163636359375 0.8276699031250001 0.58 0.83495145625 0.5672727265625 0.84466019375 0.5745454546875 0.8907766984375 0.6254545453125 0.8834951453125001 0.650909090625 0.9029126218749999
2 0.74181818125 0.06310679687500001 0.7236363640625 0.0485436890625 0.6963636359375001 0.0533980578125 0.6890909093750001 0.08980582499999999 0.6618181812499999 0.0800970875 0.6654545453125 0.1140776703125 0.74 0.1140776703125 0.749090909375 0.0995145625 0.74181818125 0.06310679687500001
2 0.37818181875 0 0.37818181875 0.012135921875 0.409090909375 0.050970873437499994 0.4436363640625 0.026699029687499997 0.43272727343749995 0 0.37818181875 0