2 0.108156028125 0.49369988593749997 0.1046099296875 0.536082475 0.109929078125 0.540664375 0.124113475 0.540664375 0.1329787234375 0.5521191296875 0.1329787234375 0.5910652921875 0.15248226874999998 0.5738831609374999 0.15780141875 0.5498281781250001 0.1777482265625 0.5429553265625 0.34397163124999997 0.547537228125 0.3670212765625 0.5509736546874999 0.37234042500000003 0.5601374578125 0.3670212765625 0.605956471875 0.37234042500000003 0.6128293234375 0.388297871875 0.6071019468750001 0.390070921875 0.587056128125 0.49113475156249997 0.5315005734375 0.6241134749999999 0.5005727375 0.7854609921875 0.49369988593749997 0.9148936171875001 0.5005727375 0.921985815625 0.5051546390625 0.9468085109375 0.5074455906249999 0.9734042546874999 0.49942726249999997 0.9858156031249999 0.5131729671875 0.99822695 0.5028636890625 0.99822695 0.48568155781250005 0.9609929078125001 0.47995418125 0.921985815625 0.46735395156250004 0.9148936171875001 0.4558991984375 0.890070921875 0.45704467343750005 0.8865248234375 0.453608246875 0.668439715625 0.451317296875 0.46808510625000005 0.46162657500000004 0.4592198578125 0.451317296875 0.46276595781249996 0.4249713625 0.45390070937500004 0.411225659375 0.29255319218750003 0.40549828125 0.1471631203125 0.4215349375 0.1347517734375 0.4192439859375 0.1152482265625 0.430698740625 0.10106382968750001 0.4547537234375 0.1046099296875 0.463917525 0.12056737656250001 0.469644903125 0.108156028125 0.49369988593749997
2 0.34574468125 0.9736540671875 0.3847517734375 0.9988545249999999 0.5070921984375001 0.9988545249999999 0.5035461 0.970217640625 0.5088652484375 0.9599083625 0.52836879375 0.9656357390625001 0.53191489375 0.9610538375000001 0.544326240625 0.9633447875 0.5514184390625 0.9587628859375 0.546099290625 0.9484536078125 0.5549645390625 0.9358533796874999 0.5407801421875 0.9072164953125 0.46985815625000005 0.86712485625 0.3989361703125 0.854524628125 0.3705673765625 0.854524628125 0.33156028437499996 0.8682703328124999 0.3191489359375 0.8820160359375 0.3173758859375 0.90378006875 0.34574468125 0.922107675 0.329787234375 0.9507445593750001 0.34574468125 0.9736540671875
2 0.59219858125 0.8568155781250001 0.9202127656249999 0.5750286375 0.9858156031249999 0.5131729671875 0.9698581562499999 0.5051546390625 0.5638297875 0.855670103125 0.547872340625 0.872852234375 0.5514184390625 0.8751431843749999 0.5638297875 0.873997709375 0.59219858125 0.8568155781250001
2 0.627659575 0.872852234375 0.6471631203125 0.8625429546875001 0.99822695 0.74799541875 0.99822695 0.7308132875 0.59574468125 0.8625429546875001 0.5531914890625 0.872852234375 0.5248226953125 0.8865979375 0.517730496875 0.894616265625 0.5425531921875 0.8980526921875001 0.5691489359374999 0.8865979375 0.627659575 0.872852234375
2 0.45390070937500004 0.86483390625 0.46985815625000005 0.8659793812500001 0.5212765953125 0.7628865984375001 0.5212765953125 0.7525773203125 0.5531914890625 0.6998854531250001 0.5620567375000001 0.67124856875 0.611702128125 0.5922107671875 0.608156028125 0.5750286375 0.638297871875 0.510882015625 0.6347517734375 0.5040091640625 0.6258865250000001 0.5040091640625 0.611702128125 0.5246277203124999 0.484042553125 0.797250859375 0.46453900781249996 0.8339060703125 0.4432624109375 0.8568155781250001 0.45390070937500004 0.86483390625
2 0 0.9656357390625001 0.28723404218750004 0.9633447875 0.3085106390625 0.9610538375000001 0.3191489359375 0.954180984375 0.3031914890625 0.9495990843750001 0.02836879375 0.951890034375 0 0.953035509375 0 0.9656357390625001
2 0.026595745312500002 0.954180984375 0.0248226953125 0.9576174109375 0.1028368796875 0.9587628859375 0.170212765625 0.9553264609375001 0.026595745312500002 0.954180984375
2 0.99822695 0.9209622 0.7429078015624999 0.9255441015624999 0.7269503546875 0.9347079031250001 0.6187943265625 0.9369988546875 0.5709219859375 0.94387170625 0.5709219859375 0.951890034375 0.6808510640625001 0.951890034375 0.99822695 0.9381443296875001 0.99822695 0.9209622
2 0.3333333328125 0.9633447875 0.32446808437499997 0.954180984375 0.3173758859375 0.9553264609375001 0.21808510625 0.9942726234375 0.21453900781250002 0.9988545249999999 0.262411346875 0.9988545249999999 0.3333333328125 0.9679266890625 0.3333333328125 0.9633447875
2 0.5992907796875 0.9988545249999999 0.5017730499999999 0.9564719359374999 0.5 0.9667812140625 0.515957446875 0.9759450171875 0.5691489359374999 0.9988545249999999 0.5992907796875 0.9988545249999999
2 0.10106382968750001 0.44673539531250006 0.106382978125 0.44673539531250006 0.11347517656249999 0.305841925 0.106382978125 0.2474226796875 0.109929078125 0.2176403203125 0.10106382968750001 0.20389461562500003 0.109929078125 0.19473081406249998 0.109929078125 0.1786941578125 0.127659575 0.144329896875 0.15957446875 0.1214203890625 0.18794326249999999 0.11454753749999999 0.2109929078125 0.0996563578125 0.24822695 0.104238259375 0.25177305 0.1179839640625 0.27482269531250003 0.1214203890625 0.30673758906250004 0.11225658593750001 0.3102836875 0.09736540625 0.388297871875 0.09736540625 0.40780141875 0.105383734375 0.42730496406249996 0.1214203890625 0.450354609375 0.1534937 0.4592198578125 0.184421534375 0.46631205624999994 0.2680412375 0.4609929078125 0.4558991984375 0.46985815625000005 0.459335625 0.5 0.4547537234375 0.4893617015625 0.4558991984375 0.48226950312500005 0.451317296875 0.48049645312499994 0.434135165625 0.48226950312500005 0.2668957625 0.47695035468749997 0.22107674687499998 0.484042553125 0.21649484531250002 0.48226950312500005 0.163802978125 0.47163120625 0.13516609375 0.4574468078125 0.1179839640625 0.40780141875 0.09278350468749999 0.3953900703125 0.0813287515625 0.2907801421875 0.06300114531249999 0.2570921984375 0.067583046875 0.18794326249999999 0.09278350468749999 0.1312056734375 0.12027491406249999 0.1028368796875 0.1500572734375 0.09219858125 0.183276059375 0.09574468124999999 0.4203894609375 0.09751773124999999 0.4364261171875 0.1046099296875 0.44100801875 0.10106382968750001 0.44673539531250006
2 0.609929078125 0.2668957625 0.6258865250000001 0.2646048109375 0.6790780140625 0.2760595640625 0.7588652484375 0.308132875 0.762411346875 0.34364261093750004 0.7464539 0.3997709046875 0.7765957453125 0.42611683906250003 0.7872340421875 0.4249713625 0.796099290625 0.4100801828125 0.7996453906250001 0.3069874 0.7269503546875 0.2703321875 0.65957446875 0.24971363124999998 0.609929078125 0.239404353125 0.5709219859375 0.238258878125 0.5638297875 0.2554410078125 0.5620567375000001 0.27491408906250003 0.5691489359374999 0.27949599062499997 0.59219858125 0.280641465625 0.609929078125 0.2668957625
2 0.34574468125 0.8235967921875 0.3865248234375 0.7915234828125 0.41312056718749995 0.758304696875 0.4308510640625 0.7159221078125 0.46453900781249996 0.5452462765625 0.46453900781249996 0.5166093921875 0.45390070937500004 0.5166093921875 0.4468085109375 0.5532646046874999 0.42730496406249996 0.5544100796875 0.421985815625 0.5589919812499999 0.4326241140625 0.5647193578125 0.4361702125 0.5922107671875 0.42730496406249996 0.6025200453124999 0.420212765625 0.6380297828125 0.40602836875000003 0.6540664375 0.3847517734375 0.7182130578125 0.34042553125 0.776632303125 0.297872340625 0.8075601375 0.2570921984375 0.8087056125000001 0.25 0.82474226875 0.203900709375 0.82817869375 0.1613475171875 0.8430698734375 0.15602836874999998 0.8407789234375 0.15780141875 0.8487972515625 0.205673759375 0.8568155781250001 0.27482269531250003 0.8499427265625 0.34574468125 0.8235967921875