2 0.828703703125 0.9254901953125 0.8726851859375 0.99607843125 0.8888888890625 0.9647058828124999 0.8888888890625 0.9294117640625 0.8680555562500001 0.886274509375 0.858796296875 0.7490196078125 0.8356481484374999 0.7764705875 0.8101851859375 0.7568627453125 0.7916666671875 0.7686274515625 0.7824074078125001 0.78039215625 0.7824074078125001 0.8078431374999999 0.821759259375 0.8705882359375 0.828703703125 0.9254901953125
2 0.6481481484375 0.8078431374999999 0.6388888890625 0.705882353125 0.6134259265625001 0.6549019609375 0.5925925921874999 0.6549019609375 0.5833333328125 0.6705882359374999 0.5856481484375 0.701960784375 0.634259259375 0.8078431374999999 0.6481481484375 0.8078431374999999
2 0.4143518515625 0.7294117640625 0.29398148125 0.6588235296875 0.26851851875 0.6705882359374999 0.4143518515625 0.7294117640625
2 0.28472222187499996 0.33725490156250004 0.2708333328125 0.3294117640625 0.259259259375 0.3568627453125 0.23379629687499998 0.34901960781249997 0.23611111093749998 0.415686275 0.2523148140625 0.4470588234375 0.2893518515625 0.4588235296875 0.28472222187499996 0.33725490156250004
2 0.321759259375 0.40392156874999996 0.3171296296875 0.43921568593750004 0.328703703125 0.486274509375 0.3333333328125 0.42352941250000004 0.321759259375 0.40392156874999996
2 0.35648148125 0.415686275 0.358796296875 0.47450980468750004 0.39351851875 0.486274509375 0.3888888890625 0.41960784375 0.35648148125 0.415686275
2 0.516203703125 0.4509803921875 0.5115740734374999 0.48235294062499995 0.5370370375 0.5411764703124999 0.5324074078125001 0.4588235296875 0.516203703125 0.4509803921875
2 0.641203703125 0.2549019609375 0.6388888890625 0.305882353125 0.6504629625 0.317647059375 0.659722221875 0.2666666671875 0.641203703125 0.2549019609375
2 0.821759259375 0.18823529375 0.7731481484375 0.2 0.777777778125 0.21960784375000003 0.7986111109375 0.21960784375000003 0.8148148140625 0.21176470625000002 0.821759259375 0.18823529375
2 0.7615740734374999 0.6980392156249999 0.75 0.686274509375 0.733796296875 0.694117646875 0.73148148125 0.713725490625 0.7430555562500001 0.7333333328125 0.7638888890625 0.7333333328125 0.7615740734374999 0.6980392156249999
2 0.8703703703125001 0.20392156875 0.8819444437499999 0.2 0.875 0.184313725 0.8703703703125001 0.20392156875
2 0.071759259375 0.3294117640625 0.10185185156250001 0.3568627453125 0.108796296875 0.3411764703125 0.08796296249999999 0.313725490625 0.043981481249999996 0.298039215625 0.016203703125 0.3686274515625 0.016203703125 0.4352941171875 0.0300925921875 0.3607843140625 0.0509259265625 0.3333333328125 0.071759259375 0.3294117640625
2 0.2546296296875 0.694117646875 0.2731481484375 0.6666666671875 0.2638888890625 0.6666666671875 0.23611111093749998 0.6078431375 0.215277778125 0.505882353125 0.20370370312500002 0.48235294062499995 0.21064814843750002 0.5450980390625 0.2546296296875 0.6666666671875 0.2546296296875 0.694117646875