2 0.6555555562500001 0.39851851875 0.66851851875 0.4 0.6768518515624999 0.377777778125 0.678703703125 0.35555555625 0.6703703703125 0.3333333328125 0.6583333328125 0.3303703703125 0.647222221875 0.3570370375 0.646296296875 0.379259259375 0.6555555562500001 0.39851851875
2 0.6518518515625 0.263703703125 0.672222221875 0.262222221875 0.6796296296875 0.23851851875 0.6777777781250001 0.21629629687500002 0.6629629625 0.20148148125 0.6509259265625 0.20444444375 0.6425925921875 0.22518518593749998 0.64444444375 0.2548148140625 0.6518518515625 0.263703703125
2 0.6111111109375 0.4533333328125 0.6388888890625 0.44444444375 0.64444444375 0.4281481484375 0.64351851875 0.4148148140625 0.6351851859375001 0.39851851875 0.621296296875 0.40148148125 0.6148148140624999 0.41925925937499997 0.6175925921875 0.4296296296875 0.6111111109375 0.43851851875000003 0.6111111109375 0.4533333328125
2 0.584259259375 0.5125925921875 0.5981481484375 0.5125925921875 0.60555555625 0.500740740625 0.6120370375 0.46074074062500003 0.6083333328125 0.4651851859375 0.603703703125 0.462222221875 0.6 0.44148148125000003 0.5962962968750001 0.44444444375 0.584259259375 0.43407407343750004 0.584259259375 0.4503703703125 0.5740740734374999 0.46962962968750005 0.5740740734374999 0.47851851874999995 0.584259259375 0.5125925921875
2 0.5259259265625 0.4325925921875 0.5324074078125001 0.459259259375 0.5453703703125 0.45185185156249996 0.547222221875 0.423703703125 0.534259259375 0.41925925937499997 0.5259259265625 0.4325925921875
2 0.4824074078125 0.44000000000000006 0.49259259218749996 0.43555555625000003 0.4981481484375 0.4251851859375 0.4981481484375 0.40888888906250004 0.490740740625 0.3940740734375 0.477777778125 0.3911111109375 0.46666666718750005 0.4074074078125 0.4675925921875 0.43555555625000003 0.4824074078125 0.44000000000000006
2 0.3768518515625 0.23555555625000002 0.3768518515625 0.2474074078125 0.3888888890625 0.263703703125 0.3898148140625 0.23851851875 0.3768518515625 0.23555555625000002
2 0.3888888890625 0.32592592656249997 0.3981481484375 0.32592592656249997 0.4 0.30962962968749996 0.397222221875 0.303703703125 0.39074074062499997 0.3051851859375 0.3861111109375 0.3140740734375 0.3888888890625 0.32592592656249997
2 0.352777778125 0.4311111109375 0.3574074078125 0.43407407343750004 0.36666666718749996 0.4266666671875 0.365740740625 0.4103703703125 0.36296296250000004 0.383703703125 0.34629629687499996 0.3851851859375 0.34629629687499996 0.41925925937499997 0.352777778125 0.4311111109375
2 0.4203703703125 0.3851851859375 0.425 0.383703703125 0.43518518593750005 0.3570370375 0.434259259375 0.340740740625 0.4240740734375 0.3274074078125 0.40648148125 0.3333333328125 0.40277777812500004 0.340740740625 0.40833333281249995 0.3703703703125 0.4203703703125 0.3851851859375
2 0.36296296250000004 0.23555555625000002 0.3601851859375 0.22074074062500001 0.3638888890625 0.21629629687500002 0.36296296250000004 0.20444444375 0.3583333328125 0.1911111109375 0.34629629687499996 0.1881481484375 0.3379629625 0.20444444375 0.3351851859375 0.2296296296875 0.32777777812500003 0.223703703125 0.3148148140625 0.2281481484375 0.3101851859375 0.2429629625 0.3111111109375 0.262222221875 0.3240740734375 0.27851851875 0.33148148125 0.27851851875 0.3416666671875 0.2474074078125 0.352777778125 0.24148148125 0.3583333328125 0.2474074078125 0.36296296250000004 0.23555555625000002
2 0.2916666671875 0.43407407343750004 0.3018518515625 0.43851851875000003 0.3101851859375 0.43407407343750004 0.3120370375 0.41185185156250004 0.3018518515625 0.3940740734375 0.29444444375 0.39555555625 0.28796296250000003 0.41185185156250004 0.2916666671875 0.43407407343750004
2 0.3111111109375 0.5125925921875 0.3138888890625 0.51851851875 0.33055555625 0.503703703125 0.3296296296875 0.47851851874999995 0.3138888890625 0.4770370375 0.3111111109375 0.5125925921875
2 0.1861111109375 0.40444444375 0.2018518515625 0.41333333281250006 0.2175925921875 0.40444444375 0.2175925921875 0.382222221875 0.209259259375 0.3674074078125 0.19537037031249999 0.36148148125 0.1861111109375 0.3718518515625 0.1861111109375 0.40444444375
2 0.1740740734375 0.5081481484375 0.177777778125 0.500740740625 0.17962962968750001 0.462222221875 0.1768518515625 0.44888888906249996 0.1703703703125 0.4370370375 0.1601851859375 0.43851851875000003 0.15092592656249998 0.4651851859375 0.15370370312499998 0.4903703703125 0.1666666671875 0.5066666671875 0.1740740734375 0.5081481484375
2 0.12870370312499999 0.32444444375 0.1546296296875 0.3229629625 0.15648148125 0.29333333281249996 0.1490740734375 0.262222221875 0.1416666671875 0.2474074078125 0.127777778125 0.2459259265625 0.1166666671875 0.263703703125 0.11574074062499999 0.27851851875 0.12870370312499999 0.32444444375
2 0.25648148125 0.16 0.2638888890625 0.1718518515625 0.271296296875 0.1540740734375 0.2703703703125 0.14518518593750002 0.2611111109375 0.136296296875 0.25648148125 0.14518518593750002 0.25648148125 0.16
2 0.2203703703125 0.12148148125 0.225 0.11555555625 0.23240740781250002 0.0933333328125 0.23148148124999998 0.0829629625 0.222222221875 0.0711111109375 0.21296296250000002 0.07851851875 0.20555555625 0.0948148140625 0.21203703749999997 0.12 0.2203703703125 0.12148148125
2 0.225 0.0296296296875 0.234259259375 0.0281481484375 0.2388888890625 0.020740740625 0.2388888890625 0 0.1981481484375 0.0029629625 0.2046296296875 0.020740740625 0.225 0.0296296296875
2 0.065740740625 0.3111111109375 0.0620370375 0.27851851875 0.0546296296875 0.2725925921875 0.060185185937499996 0.22518518593749998 0.0546296296875 0.2133333328125 0.040740740625 0.2118518515625 0.0259259265625 0.2266666671875 0.0240740734375 0.23851851875 0.025 0.2474074078125 0.0379629625 0.2696296296875 0.0361111109375 0.3140740734375 0.039814814062499995 0.3303703703125 0.045370370312500005 0.3348148140625 0.060185185937499996 0.3288888890625 0.065740740625 0.3111111109375
2 0.7074074078125 0.5377777781249999 0.7148148140624999 0.536296296875 0.7185185187500001 0.5111111109375 0.7175925921874999 0.4770370375 0.709259259375 0.46962962968750005 0.6898148140625 0.46962962968750005 0.684259259375 0.5125925921875 0.6898148140625 0.5318518515624999 0.70555555625 0.543703703125 0.7074074078125 0.5377777781249999
2 0.577777778125 0.8888888890625 0.590740740625 0.9037037031249999 0.6083333328125 0.9051851859375001 0.6101851859375 0.8429629625 0.6083333328125 0.8296296296874999 0.5824074078125 0.8251851859375 0.5648148140625 0.8533333328125 0.5648148140625 0.8637037031249999 0.5740740734374999 0.8755555562499999 0.577777778125 0.8888888890625
2 0.5527777781250001 0.7911111109375 0.547222221875 0.7703703703125 0.55648148125 0.7540740734375 0.5555555562500001 0.739259259375 0.5268518515625 0.7111111109375 0.5148148140625 0.7259259265625 0.521296296875 0.7629629625 0.5203703703125 0.7718518515625 0.5120370375000001 0.782222221875 0.5120370375000001 0.8044444437499999 0.522222221875 0.8281481484375 0.5490740734374999 0.8385185187499999 0.5527777781250001 0.8340740734375001 0.5527777781250001 0.7911111109375
2 0.46944444374999994 0.8296296296874999 0.48333333281249996 0.8177777781250001 0.48703703750000005 0.8074074078125 0.48518518593750004 0.7925925921875 0.475 0.7792592593750001 0.465740740625 0.7851851859375001 0.46296296249999996 0.8074074078125 0.46944444374999994 0.8296296296874999
2 0.46851851875 0.942222221875 0.477777778125 0.9348148140625 0.48148148125 0.8992592593750001 0.477777778125 0.8888888890625 0.47222222187499996 0.87851851875 0.459259259375 0.8725925921875 0.44907407343749994 0.8903703703125 0.45 0.9229629625 0.4583333328125 0.9392592593750001 0.46851851875 0.942222221875
2 0.440740740625 0.9659259265625 0.4361111109375 0.9985185187500001 0.4620370375 0.9985185187500001 0.4611111109375 0.9748148140625 0.45648148125 0.9659259265625 0.440740740625 0.9659259265625
2 0.5166666671875 0.983703703125 0.5148148140625 0.9985185187500001 0.5481481484375 0.9985185187500001 0.5481481484375 0.980740740625 0.5370370375 0.9733333328124999 0.525 0.976296296875 0.5166666671875 0.983703703125
2 0.615740740625 0.9896296296875 0.6203703703125 0.9985185187500001 0.6629629625 0.9985185187500001 0.6601851859375001 0.9896296296875 0.64351851875 0.9718518515625 0.63055555625 0.9703703703125001 0.615740740625 0.9896296296875
2 0.6851851859375 0.900740740625 0.6981481484375001 0.900740740625 0.7083333328125 0.8696296296874999 0.7083333328125 0.8400000000000001 0.70555555625 0.8296296296874999 0.6879629625 0.819259259375 0.6824074078125 0.819259259375 0.6703703703125 0.8325925921874999 0.665740740625 0.8444444437499999 0.665740740625 0.8651851859375 0.6759259265625001 0.9081481484375 0.6851851859375 0.900740740625
2 0.7074074078125 0.7925925921875 0.7120370375 0.8 0.7194444437499999 0.79555555625 0.7203703703125 0.7703703703125 0.7111111109375 0.7659259265625 0.70555555625 0.7733333328125 0.7074074078125 0.7925925921875
2 0.6703703703125 0.7733333328125 0.675 0.776296296875 0.6824074078125 0.7703703703125 0.6833333328125 0.7511111109375 0.6731481484375 0.742222221875 0.665740740625 0.7511111109375 0.6703703703125 0.7733333328125
2 0.715740740625 0.7333333328125 0.7324074078125 0.7451851859375 0.7370370375 0.7348148140624999 0.7351851859375 0.72148148125 0.7212962968750001 0.7140740734375 0.7148148140624999 0.72 0.715740740625 0.7333333328125
2 0.7175925921874999 0.7066666671874999 0.722222221875 0.7007407406249999 0.725 0.6696296296875001 0.7194444437499999 0.660740740625 0.709259259375 0.6548148140625 0.6981481484375001 0.6651851859375 0.696296296875 0.67851851875 0.702777778125 0.703703703125 0.7175925921874999 0.7066666671874999
2 0.7203703703125 0.9348148140625 0.725 0.9392592593750001 0.7453703703125 0.9333333328125001 0.7453703703125 0.9125925921875 0.7333333328125 0.9037037031249999 0.7194444437499999 0.9111111109375001 0.7203703703125 0.9348148140625
2 0.7787037031249999 0.9037037031249999 0.7888888890625 0.9229629625 0.7990740734374999 0.9214814812500001 0.8027777781250001 0.8992592593750001 0.7925925921875 0.88444444375 0.7824074078125001 0.88148148125 0.7768518515625 0.8874074078125 0.7787037031249999 0.9037037031249999
2 0.8833333328125 0.95555555625 0.897222221875 0.9481481484375 0.9009259265624999 0.8977777781249999 0.897222221875 0.8874074078125 0.877777778125 0.88148148125 0.871296296875 0.8888888890625 0.8601851859374999 0.9229629625 0.859259259375 0.9348148140625 0.865740740625 0.9481481484375 0.8833333328125 0.95555555625
2 0.8731481484374999 0.8488888890625 0.890740740625 0.8444444437499999 0.9064814812499999 0.8251851859375 0.9055555562500001 0.79555555625 0.902777778125 0.780740740625 0.890740740625 0.7629629625 0.8768518515625001 0.7629629625 0.865740740625 0.79555555625 0.8731481484374999 0.8488888890625
2 0.803703703125 0.7318518515625 0.8166666671874999 0.7451851859375 0.8231481484375 0.7318518515625 0.821296296875 0.72 0.8074074078125 0.7140740734375 0.803703703125 0.72 0.803703703125 0.7318518515625
2 0.9064814812499999 0.6874074078125 0.9203703703125001 0.6799999999999999 0.925 0.662222221875 0.9231481484374999 0.63555555625 0.9138888890624999 0.617777778125 0.8879629625 0.6251851859374999 0.8851851859375 0.64444444375 0.8879629625 0.6740740734374999 0.9064814812499999 0.6874074078125
2 0.9361111109375001 0.5511111109375 0.9472222218749999 0.5762962968750001 0.9629629625 0.580740740625 0.9648148140625 0.539259259375 0.9583333328125001 0.5303703703125 0.95 0.5303703703125 0.9361111109375001 0.5511111109375
2 0.959259259375 0.64 0.972222221875 0.622222221875 0.984259259375 0.6148148140624999 0.977777778125 0.5925925921874999 0.9620370375 0.5837037031250001 0.9509259265625 0.5940740734375 0.9481481484375 0.6325925921875 0.940740740625 0.6370370375000001 0.9388888890624999 0.6474074078125 0.9416666671874999 0.662222221875 0.9490740734375 0.6666666671875 0.959259259375 0.662222221875 0.959259259375 0.64
2 0.9120370375 0.5451851859375 0.9166666671874999 0.5496296296875001 0.9277777781250001 0.5466666671875 0.9296296296875 0.52 0.9231481484374999 0.5125925921875 0.9129629625 0.5140740734375 0.9120370375 0.5451851859375
2 0.852777778125 0.52 0.8629629624999999 0.5140740734375 0.875 0.497777778125 0.8731481484374999 0.4888888890625 0.8648148140625 0.47555555624999996 0.853703703125 0.48 0.8490740734375001 0.4874074078125 0.8462962968750001 0.5170370375 0.852777778125 0.52
2 0.7870370375 0.5348148140625 0.7990740734374999 0.56444444375 0.8175925921875 0.5599999999999999 0.8194444437499999 0.540740740625 0.803703703125 0.52 0.7870370375 0.5348148140625
2 0.8398148140625 0.4370370375 0.8462962968750001 0.41777777812499994 0.8462962968750001 0.4 0.8398148140625 0.38962962968750003 0.8296296296874999 0.3881481484375 0.8231481484375 0.4074074078125 0.8231481484375 0.4311111109375 0.8333333328125001 0.44000000000000006 0.8398148140625 0.4370370375
2 0.8351851859374999 0.3274074078125 0.8388888890624999 0.31851851875000003 0.840740740625 0.2948148140625 0.8370370375 0.2474074078125 0.8240740734375 0.23407407343750003 0.8148148140625 0.23555555625000002 0.8111111109375001 0.24444444375000002 0.8194444437499999 0.276296296875 0.8148148140625 0.30962962968749996 0.8259259265625 0.3274074078125 0.8351851859374999 0.3274074078125
2 0.747222221875 0.21777777812500002 0.75555555625 0.21925925937500002 0.7629629625 0.2133333328125 0.7620370375000001 0.1925925921875 0.75648148125 0.1851851859375 0.746296296875 0.1940740734375 0.74444444375 0.20740740781250003 0.747222221875 0.21777777812500002
2 0.50648148125 0.1851851859375 0.50555555625 0.1703703703125 0.51851851875 0.15555555625 0.5203703703125 0.1140740734375 0.5166666671875 0.102222221875 0.503703703125 0.10370370312499999 0.49351851875 0.11851851875 0.48981481406249994 0.1348148140625 0.471296296875 0.1570370375 0.45555555625000005 0.16740740781250002 0.45370370312499997 0.20148148125 0.45648148125 0.21777777812500002 0.45185185156249996 0.2459259265625 0.45185185156249996 0.2874074078125 0.4546296296875 0.3051851859375 0.4675925921875 0.31851851875000003 0.490740740625 0.3170370375 0.4990740734375 0.296296296875 0.4990740734375 0.223703703125 0.49444444374999996 0.223703703125 0.48518518593750004 0.20888888906249997 0.49259259218749996 0.183703703125 0.50648148125 0.1851851859375
2 0.878703703125 0.2370370375 0.9268518515625 0.24 0.9425925921875 0.2148148140625 0.94351851875 0.1925925921875 0.9268518515625 0.180740740625 0.8833333328125 0.179259259375 0.86944444375 0.19851851874999998 0.86851851875 0.2148148140625 0.878703703125 0.2370370375
2 0.9703703703125001 0.21925925937500002 0.9759259265625 0.2488888890625 1 0.2681481484375 0.9981481484374999 0.1659259265625 0.9870370375 0.16740740781250002 0.972222221875 0.1896296296875 0.9703703703125001 0.21925925937500002
2 0.9509259265625 0.3081481484375 0.9675925921875 0.3051851859375 0.972222221875 0.2874074078125 0.9712962968750001 0.2711111109375 0.9583333328125001 0.26518518593749996 0.9509259265625 0.27555555625 0.9453703703125 0.2948148140625 0.9509259265625 0.3081481484375
2 0.9203703703125001 0.46962962968750005 0.9444444437499999 0.4266666671875 0.9481481484375 0.3925925921875 0.9444444437499999 0.377777778125 0.9305555562500001 0.36296296250000004 0.9203703703125001 0.36444444374999996 0.9101851859375 0.377777778125 0.9037037031249999 0.4 0.902777778125 0.423703703125 0.9101851859375 0.46962962968750005 0.9203703703125001 0.46962962968750005
2 0.9666666671874999 0.9629629625 0.9824074078124999 0.95851851875 0.9898148140625 0.936296296875 0.9898148140625 0.9111111109375001 0.975 0.902222221875 0.9638888890624999 0.9066666671875 0.9574074078124999 0.9229629625 0.9574074078124999 0.9540740734375 0.9666666671874999 0.9629629625
2 0.9518518515625001 0.9748148140625 0.9259259265625 0.9985185187500001 0.9740740734375001 0.9985185187500001 0.9731481484375 0.9940740734375 0.9601851859374999 0.9748148140625 0.9518518515625001 0.9748148140625
2 0.20555555625 0.5688888890625 0.21296296250000002 0.577777778125 0.2203703703125 0.5703703703125 0.21851851875 0.5525925921875 0.21296296250000002 0.5481481484375 0.20648148125 0.5525925921875 0.20555555625 0.5688888890625
2 0.221296296875 0.7511111109375 0.23611111093749998 0.7703703703125 0.24907407343750002 0.76 0.24907407343750002 0.7318518515625 0.23333333281250002 0.71555555625 0.222222221875 0.67851851875 0.225 0.6192592593749999 0.21851851875 0.5970370375 0.20555555625 0.616296296875 0.1870370375 0.6059259265625 0.18148148125000002 0.579259259375 0.15648148125 0.5718518515625 0.13333333281249998 0.5733333328125 0.125 0.5822222218750001 0.1231481484375 0.59851851875 0.1648148140625 0.6474074078125 0.16851851874999998 0.659259259375 0.1648148140625 0.6725925921875 0.175 0.7022222218749999 0.1870370375 0.7125925921875 0.20555555625 0.7140740734375 0.2166666671875 0.7259259265625 0.221296296875 0.7511111109375
2 0.3611111109375 0.8222222218749999 0.3759259265625 0.8266666671875 0.38148148125 0.819259259375 0.38148148125 0.7866666671875 0.372222221875 0.7688888890625 0.3601851859375 0.7703703703125 0.353703703125 0.8088888890625 0.3611111109375 0.8222222218749999
2 0.321296296875 0.7229629625 0.33055555625 0.7288888890624999 0.3379629625 0.7229629625 0.33888888906250003 0.6918518515625001 0.3296296296875 0.6859259265625 0.31759259218749997 0.6977777781250001 0.3166666671875 0.7125925921875 0.321296296875 0.7229629625
2 0.41018518593750003 0.617777778125 0.4166666671875 0.6029629625 0.40555555625000006 0.5837037031250001 0.4046296296875 0.5674074078125 0.3925925921875 0.5570370375 0.384259259375 0.5718518515625 0.38148148125 0.5911111109375 0.3925925921875 0.59555555625 0.41018518593750003 0.617777778125
2 0.5111111109375 0.6251851859374999 0.5259259265625 0.6103703703125001 0.51944444375 0.6029629625 0.521296296875 0.5748148140625 0.51851851875 0.5555555562500001 0.5083333328124999 0.5451851859375 0.5101851859375001 0.540740740625 0.502777778125 0.539259259375 0.4796296296875 0.5718518515625 0.478703703125 0.59555555625 0.4953703703125 0.620740740625 0.5009259265625 0.6503703703125 0.5101851859375001 0.6503703703125 0.5111111109375 0.6251851859374999
2 0.577777778125 0.7081481484375 0.6009259265625 0.699259259375 0.60555555625 0.6903703703125 0.603703703125 0.6859259265625 0.5851851859375 0.6799999999999999 0.584259259375 0.6696296296875001 0.5796296296875 0.6651851859375 0.5722222218749999 0.6725925921875 0.5675925921875 0.6933333328125 0.5722222218749999 0.7066666671874999 0.577777778125 0.7081481484375
2 0.5416666671875 0.64444444375 0.5527777781250001 0.6859259265625 0.5611111109375 0.657777778125 0.5574074078125 0.64148148125 0.5481481484375 0.6340740734375 0.5416666671875 0.64444444375
2 0.7018518515625 0.6296296296875 0.7296296296875 0.64 0.7351851859375 0.6340740734375 0.73055555625 0.6074074078125 0.7129629625 0.60148148125 0.6953703703125 0.622222221875 0.7018518515625 0.6296296296875
2 0.2703703703125 0.0888888890625 0.275 0.100740740625 0.28796296250000003 0.097777778125 0.28796296250000003 0.0696296296875 0.275 0.0651851859375 0.2703703703125 0.0711111109375 0.2703703703125 0.0888888890625
2 0.046296296875 0.0725925921875 0.052777778124999994 0.1051851859375 0.065740740625 0.100740740625 0.06944444375 0.0711111109375 0.0629629625 0.063703703125 0.053703703125 0.063703703125 0.046296296875 0.0725925921875
2 0.1268518515625 0.8977777781249999 0.1324074078125 0.8888888890625 0.1351851859375 0.8755555562499999 0.1324074078125 0.8488888890625 0.1231481484375 0.8429629625 0.11388888906250001 0.8533333328125 0.1129629625 0.87851851875 0.11944444375 0.8992592593750001 0.1268518515625 0.8977777781249999
2 0.1740740734375 0.977777778125 0.18148148125000002 0.9703703703125001 0.1861111109375 0.9525925921875 0.184259259375 0.9274074078125001 0.17314814843749998 0.9199999999999999 0.1611111109375 0.937777778125 0.16388888906250001 0.96444444375 0.1740740734375 0.977777778125
2 0.259259259375 0.9140740734374999 0.2638888890625 0.9096296296874999 0.28148148125 0.8725925921875 0.28055555625 0.8577777781249999 0.275 0.84148148125 0.2666666671875 0.8325925921874999 0.252777778125 0.8400000000000001 0.2453703703125 0.8503703703125 0.2398148140625 0.8637037031249999 0.240740740625 0.8903703703125 0.24907407343750002 0.9111111109375001 0.259259259375 0.9140740734374999
2 0.20555555625 0.862222221875 0.21296296250000002 0.8696296296874999 0.2259259265625 0.8637037031249999 0.22870370312500002 0.820740740625 0.225 0.80148148125 0.2138888890625 0.79851851875 0.2046296296875 0.8103703703124999 0.2009259265625 0.8429629625 0.20555555625 0.862222221875
2 0.0175925921875 0.9451851859374999 0.0203703703125 0.940740740625 0.0240740734375 0.9259259265625 0.022222221875 0.9096296296874999 0.015740740625 0.9037037031249999 0.003703703125 0.9081481484375 0.0009259265625 0.9451851859374999 0.0175925921875 0.9451851859374999
2 0.025 0.8281481484375 0.021296296875000002 0.8459259265625001 0.034259259375000004 0.8518518515625001 0.0379629625 0.8325925921874999 0.034259259375000004 0.8251851859375 0.025 0.8281481484375
2 0.175 0.259259259375 0.177777778125 0.2666666671875 0.1925925921875 0.257777778125 0.19444444375 0.23555555625000002 0.1861111109375 0.223703703125 0.177777778125 0.2266666671875 0.175 0.259259259375
2 0.14444444375 0.20888888906249997 0.1518518515625 0.1866666671875 0.1583333328125 0.18222222187499998 0.15925925937500002 0.16444444375 0.15092592656249998 0.15259259218750001 0.1425925921875 0.15259259218750001 0.1379629625 0.16148148125 0.127777778125 0.16 0.1111111109375 0.15555555625 0.0981481484375 0.143703703125 0.08796296249999999 0.1629629625 0.08796296249999999 0.17629629687499998 0.0953703703125 0.20444444375 0.1046296296875 0.20444444375 0.1101851859375 0.19703703749999998 0.125 0.2 0.127777778125 0.20740740781250003 0.13888888906250002 0.2118518515625 0.14444444375 0.20888888906249997