2 0.6582914578125 0.3348416296875 0.6716917921875 0.3552036203125 0.7102177546874999 0.3552036203125 0.7102177546874999 0.3280542984375 0.6984924625 0.3054298640625 0.6750418765624999 0.300904978125 0.6633165828124999 0.3076923078125 0.6582914578125 0.3348416296875
2 0.5544388609374999 0.54524886875 0.5594639859375 0.54524886875 0.5644891125 0.518099546875 0.5661641546875 0.4683257921875 0.556113903125 0.49321267031250005 0.5544388609374999 0.54524886875
2 0.745393634375 0.64027149375 0.7470686765625 0.6832579187500001 0.752093803125 0.6877828046875 0.75376884375 0.63800905 0.745393634375 0.64027149375
2 0.6783919593750001 0.6289592765625 0.68174204375 0.67873303125 0.690117253125 0.6651583703124999 0.6917922953125 0.6063348421875 0.6834170859375 0.610859728125 0.6783919593750001 0.6289592765625
2 0.130653265625 0.59276018125 0.14572864375 0.77375565625 0.154103853125 0.796380090625 0.1524288109375 0.6425339359375 0.1490787265625 0.5972850671875001 0.130653265625 0.59276018125
2 0.1356783921875 0.41402715 0.142378559375 0.3710407234375 0.170854271875 0.300904978125 0.1675041875 0.2828054296875 0.137353434375 0.2850678734375 0.10552763750000001 0.30995475156249996 0.103852596875 0.36425339375 0.11222780624999999 0.40950226250000005 0.1356783921875 0.41402715
2 0.19262981562499998 0.382352940625 0.1959799 0.43891402656249995 0.2294807375 0.4434389140625 0.24790619687499998 0.31221719531250003 0.20938023437500003 0.300904978125 0.20268006718749998 0.3076923078125 0.19262981562499998 0.382352940625
2 0.3316582921875 0.58597285 0.3417085421875 0.5791855203125 0.3634840875 0.5316742078125001 0.3567839203125 0.5158371046875 0.33835845937500003 0.5090497734375 0.3316582921875 0.58597285
2 0.3316582921875 0.45701357500000006 0.34673366875 0.429864253125 0.34673366875 0.41176470624999995 0.3115577890625 0.4185520359375 0.309882746875 0.47285067812500003 0.326633165625 0.48642533906249996 0.3316582921875 0.45701357500000006
2 0.197654940625 0.701357465625 0.22613065312499997 0.6221719453125 0.2412060296875 0.610859728125 0.23785594687499997 0.6018099546875 0.21943048593749997 0.5837104078124999 0.20938023437500003 0.58597285 0.201005025 0.6244343890625 0.20268006718749998 0.6832579187500001 0.197654940625 0.701357465625
2 0.49916247968749994 0.3348416296875 0.49748743749999996 0.3665158375 0.5075376890625 0.36425339375 0.5159128984375 0.3257918546875 0.49916247968749994 0.3348416296875