2 0.353703703125 0.379259259375 0.352777778125 0.3570370375 0.3416666671875 0.3303703703125 0.3296296296875 0.3333333328125 0.321296296875 0.35555555625 0.3231481484375 0.377777778125 0.33148148125 0.4 0.34444444375 0.39851851875 0.353703703125 0.379259259375
2 0.35555555625 0.2548148140625 0.3574074078125 0.22518518593749998 0.3490740734375 0.20444444375 0.33703703749999997 0.20148148125 0.322222221875 0.21629629687500002 0.3203703703125 0.23851851875 0.32777777812500003 0.262222221875 0.3481481484375 0.263703703125 0.35555555625 0.2548148140625
2 0.3888888890625 0.43851851875000003 0.38240740781250004 0.4296296296875 0.3851851859375 0.41925925937499997 0.378703703125 0.40148148125 0.3648148140625 0.39851851875 0.35648148125 0.4148148140625 0.35555555625 0.4281481484375 0.3611111109375 0.44444444375 0.3888888890625 0.4533333328125 0.3888888890625 0.43851851875000003
2 0.42592592656250006 0.47851851874999995 0.42592592656250006 0.46962962968750005 0.415740740625 0.4503703703125 0.415740740625 0.43407407343750004 0.403703703125 0.44444444375 0.4 0.44148148125000003 0.396296296875 0.462222221875 0.3916666671875 0.4651851859375 0.3879629625 0.46074074062500003 0.39444444375 0.500740740625 0.4018518515625 0.5125925921875 0.415740740625 0.5125925921875 0.42592592656250006 0.47851851874999995
2 0.465740740625 0.41925925937499997 0.45277777812500003 0.423703703125 0.4546296296875 0.45185185156249996 0.4675925921875 0.459259259375 0.47407407343749997 0.4325925921875 0.465740740625 0.41925925937499997
2 0.5324074078125001 0.43555555625000003 0.5333333328125 0.4074074078125 0.522222221875 0.3911111109375 0.509259259375 0.3940740734375 0.5018518515625 0.40888888906250004 0.5018518515625 0.4251851859375 0.5074074078125 0.43555555625000003 0.5175925921875 0.44000000000000006 0.5324074078125001 0.43555555625000003
2 0.6101851859375 0.23851851875 0.6111111109375 0.263703703125 0.6231481484375 0.2474074078125 0.6231481484375 0.23555555625000002 0.6101851859375 0.23851851875
2 0.6138888890625 0.3140740734375 0.609259259375 0.3051851859375 0.602777778125 0.303703703125 0.6 0.30962962968749996 0.6018518515625 0.32592592656249997 0.6111111109375 0.32592592656249997 0.6138888890625 0.3140740734375
2 0.6537037031249999 0.41925925937499997 0.6537037031249999 0.3851851859375 0.6370370375000001 0.383703703125 0.634259259375 0.4103703703125 0.6333333328124999 0.4266666671875 0.6425925921875 0.43407407343750004 0.647222221875 0.4311111109375 0.6537037031249999 0.41925925937499997
2 0.5916666671875 0.3703703703125 0.597222221875 0.340740740625 0.5935185187500001 0.3333333328125 0.5759259265625001 0.3274074078125 0.565740740625 0.340740740625 0.5648148140625 0.3570370375 0.575 0.383703703125 0.5796296296875 0.3851851859375 0.5916666671875 0.3703703703125
2 0.6416666671875 0.2474074078125 0.647222221875 0.24148148125 0.6583333328125 0.2474074078125 0.66851851875 0.27851851875 0.6759259265625001 0.27851851875 0.6888888890625 0.262222221875 0.6898148140625 0.2429629625 0.6851851859375 0.2281481484375 0.672222221875 0.223703703125 0.6648148140625 0.2296296296875 0.6620370375 0.20444444375 0.6537037031249999 0.1881481484375 0.6416666671875 0.1911111109375 0.6370370375000001 0.20444444375 0.6361111109375 0.21629629687500002 0.6398148140625 0.22074074062500001 0.6370370375000001 0.23555555625000002 0.6416666671875 0.2474074078125
2 0.7120370375 0.41185185156250004 0.70555555625 0.39555555625 0.6981481484375001 0.3940740734375 0.6879629625 0.41185185156250004 0.6898148140625 0.43407407343750004 0.6981481484375001 0.43851851875000003 0.7083333328125 0.43407407343750004 0.7120370375 0.41185185156250004
2 0.6861111109375 0.4770370375 0.6703703703125 0.47851851874999995 0.66944444375 0.503703703125 0.6861111109375 0.51851851875 0.6888888890625 0.5125925921875 0.6861111109375 0.4770370375
2 0.8138888890624999 0.3718518515625 0.8046296296875 0.36148148125 0.790740740625 0.3674074078125 0.7824074078125001 0.382222221875 0.7824074078125001 0.40444444375 0.7981481484375 0.41333333281250006 0.8138888890624999 0.40444444375 0.8138888890624999 0.3718518515625
2 0.8333333328125001 0.5066666671875 0.8462962968750001 0.4903703703125 0.8490740734375001 0.4651851859375 0.8398148140625 0.43851851875000003 0.8296296296874999 0.4370370375 0.8231481484375 0.44888888906249996 0.8203703703125 0.462222221875 0.8222222218749999 0.500740740625 0.8259259265625 0.5081481484375 0.8333333328125001 0.5066666671875
2 0.884259259375 0.27851851875 0.8833333328125 0.263703703125 0.872222221875 0.2459259265625 0.8583333328125 0.2474074078125 0.8509259265625 0.262222221875 0.8435185187500001 0.29333333281249996 0.8453703703125001 0.3229629625 0.871296296875 0.32444444375 0.884259259375 0.27851851875
2 0.74351851875 0.14518518593750002 0.7388888890625 0.136296296875 0.7296296296875 0.14518518593750002 0.728703703125 0.1540740734375 0.7361111109375 0.1718518515625 0.74351851875 0.16 0.74351851875 0.14518518593750002
2 0.7879629625 0.12 0.79444444375 0.0948148140625 0.7870370375 0.07851851875 0.777777778125 0.0711111109375 0.76851851875 0.0829629625 0.7675925921875 0.0933333328125 0.775 0.11555555625 0.7796296296875 0.12148148125 0.7879629625 0.12
2 0.7953703703125 0.020740740625 0.8018518515625 0.0029629625 0.7611111109375 0 0.7611111109375 0.020740740625 0.765740740625 0.0281481484375 0.775 0.0296296296875 0.7953703703125 0.020740740625
2 0.9398148140625 0.3288888890625 0.9546296296874999 0.3348148140625 0.9601851859374999 0.3303703703125 0.9638888890624999 0.3140740734375 0.9620370375 0.2696296296875 0.975 0.2474074078125 0.9759259265625 0.23851851875 0.9740740734375001 0.2266666671875 0.959259259375 0.2118518515625 0.9453703703125 0.2133333328125 0.9398148140625 0.22518518593749998 0.9453703703125 0.2725925921875 0.9379629625 0.27851851875 0.934259259375 0.3111111109375 0.9398148140625 0.3288888890625
2 0.29444444375 0.543703703125 0.3101851859375 0.5318518515624999 0.315740740625 0.5125925921875 0.3101851859375 0.46962962968750005 0.290740740625 0.46962962968750005 0.2824074078125 0.4770370375 0.28148148125 0.5111111109375 0.2851851859375 0.536296296875 0.2925925921875 0.5377777781249999 0.29444444375 0.543703703125
2 0.42592592656250006 0.8755555562499999 0.43518518593750005 0.8637037031249999 0.43518518593750005 0.8533333328125 0.4175925921875 0.8251851859375 0.3916666671875 0.8296296296874999 0.3898148140625 0.8429629625 0.3916666671875 0.9051851859375001 0.409259259375 0.9037037031249999 0.42222222187499997 0.8888888890625 0.42592592656250006 0.8755555562499999
2 0.447222221875 0.8340740734375001 0.4509259265625 0.8385185187499999 0.477777778125 0.8281481484375 0.4879629625 0.8044444437499999 0.4879629625 0.782222221875 0.4796296296875 0.7718518515625 0.478703703125 0.7629629625 0.48518518593750004 0.7259259265625 0.4731481484375 0.7111111109375 0.44444444375 0.739259259375 0.44351851875000003 0.7540740734375 0.45277777812500003 0.7703703703125 0.447222221875 0.7911111109375 0.447222221875 0.8340740734375001
2 0.5370370375 0.8074074078125 0.534259259375 0.7851851859375001 0.525 0.7792592593750001 0.5148148140625 0.7925925921875 0.5129629625 0.8074074078125 0.5166666671875 0.8177777781250001 0.5305555562500001 0.8296296296874999 0.5370370375 0.8074074078125
2 0.5416666671875 0.9392592593750001 0.55 0.9229629625 0.5509259265625001 0.8903703703125 0.540740740625 0.8725925921875 0.527777778125 0.87851851875 0.522222221875 0.8888888890625 0.51851851875 0.8992592593750001 0.522222221875 0.9348148140625 0.5314814812499999 0.942222221875 0.5416666671875 0.9392592593750001
2 0.54351851875 0.9659259265625 0.5388888890625 0.9748148140625 0.5379629625 0.9985185187500001 0.5638888890625 0.9985185187500001 0.559259259375 0.9659259265625 0.54351851875 0.9659259265625
2 0.475 0.976296296875 0.46296296249999996 0.9733333328124999 0.45185185156249996 0.980740740625 0.45185185156249996 0.9985185187500001 0.48518518593750004 0.9985185187500001 0.48333333281249996 0.983703703125 0.475 0.976296296875
2 0.36944444375 0.9703703703125001 0.35648148125 0.9718518515625 0.3398148140625 0.9896296296875 0.33703703749999997 0.9985185187500001 0.3796296296875 0.9985185187500001 0.384259259375 0.9896296296875 0.36944444375 0.9703703703125001
2 0.3240740734375 0.9081481484375 0.334259259375 0.8651851859375 0.334259259375 0.8444444437499999 0.3296296296875 0.8325925921874999 0.31759259218749997 0.819259259375 0.3120370375 0.819259259375 0.29444444375 0.8296296296874999 0.2916666671875 0.8400000000000001 0.2916666671875 0.8696296296874999 0.3018518515625 0.900740740625 0.3148148140625 0.900740740625 0.3240740734375 0.9081481484375
2 0.29444444375 0.7733333328125 0.2888888890625 0.7659259265625 0.2796296296875 0.7703703703125 0.28055555625 0.79555555625 0.28796296250000003 0.8 0.2925925921875 0.7925925921875 0.29444444375 0.7733333328125
2 0.334259259375 0.7511111109375 0.32685185156249996 0.742222221875 0.3166666671875 0.7511111109375 0.31759259218749997 0.7703703703125 0.325 0.776296296875 0.3296296296875 0.7733333328125 0.334259259375 0.7511111109375
2 0.2851851859375 0.72 0.27870370312500004 0.7140740734375 0.2648148140625 0.72148148125 0.2629629625 0.7348148140624999 0.2675925921875 0.7451851859375 0.284259259375 0.7333333328125 0.2851851859375 0.72
2 0.29722222187499997 0.703703703125 0.303703703125 0.67851851875 0.3018518515625 0.6651851859375 0.290740740625 0.6548148140625 0.28055555625 0.660740740625 0.275 0.6696296296875001 0.27777777812500004 0.7007407406249999 0.2824074078125 0.7066666671874999 0.29722222187499997 0.703703703125
2 0.28055555625 0.9111111109375001 0.2666666671875 0.9037037031249999 0.2546296296875 0.9125925921875 0.2546296296875 0.9333333328125001 0.275 0.9392592593750001 0.2796296296875 0.9348148140625 0.28055555625 0.9111111109375001
2 0.22314814843750003 0.8874074078125 0.2175925921875 0.88148148125 0.20740740781250003 0.88444444375 0.197222221875 0.8992592593750001 0.2009259265625 0.9214814812500001 0.21111111093749999 0.9229629625 0.221296296875 0.9037037031249999 0.22314814843750003 0.8874074078125
2 0.134259259375 0.9481481484375 0.140740740625 0.9348148140625 0.13981481406250001 0.9229629625 0.12870370312499999 0.8888888890625 0.12222222187500001 0.88148148125 0.102777778125 0.8874074078125 0.0990740734375 0.8977777781249999 0.102777778125 0.9481481484375 0.1166666671875 0.95555555625 0.134259259375 0.9481481484375
2 0.134259259375 0.79555555625 0.1231481484375 0.7629629625 0.109259259375 0.7629629625 0.097222221875 0.780740740625 0.09444444375 0.79555555625 0.09351851875 0.8251851859375 0.109259259375 0.8444444437499999 0.1268518515625 0.8488888890625 0.134259259375 0.79555555625
2 0.196296296875 0.72 0.1925925921875 0.7140740734375 0.178703703125 0.72 0.1768518515625 0.7318518515625 0.1833333328125 0.7451851859375 0.196296296875 0.7318518515625 0.196296296875 0.72
2 0.1120370375 0.6740740734374999 0.1148148140625 0.64444444375 0.1120370375 0.6251851859374999 0.0861111109375 0.617777778125 0.07685185156249999 0.63555555625 0.075 0.662222221875 0.07962962968750001 0.6799999999999999 0.09351851875 0.6874074078125 0.1120370375 0.6740740734374999
2 0.05 0.5303703703125 0.0416666671875 0.5303703703125 0.0351851859375 0.539259259375 0.037037037499999995 0.580740740625 0.052777778124999994 0.5762962968750001 0.0638888890625 0.5511111109375 0.05 0.5303703703125
2 0.040740740625 0.662222221875 0.0509259265625 0.6666666671875 0.058333332812500006 0.662222221875 0.061111110937500004 0.6474074078125 0.059259259375 0.6370370375000001 0.051851851562499995 0.6325925921875 0.0490740734375 0.5940740734375 0.0379629625 0.5837037031250001 0.022222221875 0.5925925921874999 0.015740740625 0.6148148140624999 0.027777778125000003 0.622222221875 0.040740740625 0.64 0.040740740625 0.662222221875
2 0.0870370375 0.5140740734375 0.07685185156249999 0.5125925921875 0.0703703703125 0.52 0.072222221875 0.5466666671875 0.08333333281250001 0.5496296296875001 0.08796296249999999 0.5451851859375 0.0870370375 0.5140740734375
2 0.15370370312499998 0.5170370375 0.15092592656249998 0.4874074078125 0.146296296875 0.48 0.1351851859375 0.47555555624999996 0.1268518515625 0.4888888890625 0.125 0.497777778125 0.13703703750000001 0.5140740734375 0.147222221875 0.52 0.15370370312499998 0.5170370375
2 0.196296296875 0.52 0.18055555625 0.540740740625 0.1824074078125 0.5599999999999999 0.2009259265625 0.56444444375 0.21296296250000002 0.5348148140625 0.196296296875 0.52
2 0.1666666671875 0.44000000000000006 0.1768518515625 0.4311111109375 0.1768518515625 0.4074074078125 0.1703703703125 0.3881481484375 0.1601851859375 0.38962962968750003 0.15370370312499998 0.4 0.15370370312499998 0.41777777812499994 0.1601851859375 0.4370370375 0.1666666671875 0.44000000000000006
2 0.1740740734375 0.3274074078125 0.1851851859375 0.30962962968749996 0.18055555625 0.276296296875 0.1888888890625 0.24444444375000002 0.1851851859375 0.23555555625000002 0.1759259265625 0.23407407343750003 0.1629629625 0.2474074078125 0.15925925937500002 0.2948148140625 0.1611111109375 0.31851851875000003 0.1648148140625 0.3274074078125 0.1740740734375 0.3274074078125
2 0.25555555625 0.20740740781250003 0.253703703125 0.1940740734375 0.24351851875000002 0.1851851859375 0.2379629625 0.1925925921875 0.2370370375 0.2133333328125 0.24444444375000002 0.21925925937500002 0.252777778125 0.21777777812500002 0.25555555625 0.20740740781250003
2 0.5074074078125 0.183703703125 0.5148148140625 0.20888888906249997 0.50555555625 0.223703703125 0.5009259265625 0.223703703125 0.5009259265625 0.296296296875 0.509259259375 0.3170370375 0.5324074078125001 0.31851851875000003 0.5453703703125 0.3051851859375 0.5481481484375 0.2874074078125 0.5481481484375 0.2459259265625 0.54351851875 0.21777777812500002 0.546296296875 0.20148148125 0.54444444375 0.16740740781250002 0.5287037031249999 0.1570370375 0.5101851859375001 0.1348148140625 0.50648148125 0.11851851875 0.49629629687500004 0.10370370312499999 0.48333333281249996 0.102222221875 0.4796296296875 0.1140740734375 0.48148148125 0.15555555625 0.49444444374999996 0.1703703703125 0.49351851875 0.1851851859375 0.5074074078125 0.183703703125
2 0.13148148125 0.2148148140625 0.13055555624999998 0.19851851874999998 0.1166666671875 0.179259259375 0.0731481484375 0.180740740625 0.05648148125 0.1925925921875 0.0574074078125 0.2148148140625 0.0731481484375 0.24 0.12129629687500001 0.2370370375 0.13148148125 0.2148148140625
2 0.027777778125000003 0.1896296296875 0.0129629625 0.16740740781250002 0.0018518515625 0.1659259265625 0 0.2681481484375 0.0240740734375 0.2488888890625 0.0296296296875 0.21925925937500002 0.027777778125000003 0.1896296296875
2 0.0546296296875 0.2948148140625 0.0490740734375 0.27555555625 0.0416666671875 0.26518518593749996 0.028703703125 0.2711111109375 0.027777778125000003 0.2874074078125 0.0324074078125 0.3051851859375 0.0490740734375 0.3081481484375 0.0546296296875 0.2948148140625
2 0.0898148140625 0.46962962968750005 0.097222221875 0.423703703125 0.09629629687499999 0.4 0.0898148140625 0.377777778125 0.07962962968750001 0.36444444374999996 0.06944444375 0.36296296250000004 0.055555556250000006 0.377777778125 0.051851851562499995 0.3925925921875 0.055555556250000006 0.4266666671875 0.07962962968750001 0.46962962968750005 0.0898148140625 0.46962962968750005
2 0.0425925921875 0.9540740734375 0.0425925921875 0.9229629625 0.0361111109375 0.9066666671875 0.025 0.902222221875 0.0101851859375 0.9111111109375001 0.0101851859375 0.936296296875 0.0175925921875 0.95851851875 0.0333333328125 0.9629629625 0.0425925921875 0.9540740734375
2 0.039814814062499995 0.9748148140625 0.0268518515625 0.9940740734375 0.0259259265625 0.9985185187500001 0.0740740734375 0.9985185187500001 0.048148148437499996 0.9748148140625 0.039814814062499995 0.9748148140625
2 0.79351851875 0.5525925921875 0.7870370375 0.5481481484375 0.7814814812499999 0.5525925921875 0.7796296296875 0.5703703703125 0.7870370375 0.577777778125 0.79444444375 0.5688888890625 0.79351851875 0.5525925921875
2 0.7833333328125 0.7259259265625 0.79444444375 0.7140740734375 0.8129629625 0.7125925921875 0.825 0.7022222218749999 0.8351851859374999 0.6725925921875 0.83148148125 0.659259259375 0.8351851859374999 0.6474074078125 0.8768518515625001 0.59851851875 0.875 0.5822222218750001 0.8666666671875 0.5733333328125 0.8435185187500001 0.5718518515625 0.81851851875 0.579259259375 0.8129629625 0.6059259265625 0.79444444375 0.616296296875 0.7814814812499999 0.5970370375 0.775 0.6192592593749999 0.777777778125 0.67851851875 0.7666666671875 0.71555555625 0.7509259265625 0.7318518515625 0.7509259265625 0.76 0.7638888890625 0.7703703703125 0.7787037031249999 0.7511111109375 0.7833333328125 0.7259259265625
2 0.646296296875 0.8088888890625 0.6398148140625 0.7703703703125 0.627777778125 0.7688888890625 0.61851851875 0.7866666671875 0.61851851875 0.819259259375 0.6240740734375 0.8266666671875 0.6388888890625 0.8222222218749999 0.646296296875 0.8088888890625
2 0.6833333328125 0.7125925921875 0.6824074078125 0.6977777781250001 0.6703703703125 0.6859259265625 0.6611111109375 0.6918518515625001 0.6620370375 0.7229629625 0.66944444375 0.7288888890624999 0.678703703125 0.7229629625 0.6833333328125 0.7125925921875
2 0.6074074078125 0.59555555625 0.61851851875 0.5911111109375 0.615740740625 0.5718518515625 0.6074074078125 0.5570370375 0.5953703703125 0.5674074078125 0.5944444437499999 0.5837037031250001 0.5833333328125 0.6029629625 0.5898148140624999 0.617777778125 0.6074074078125 0.59555555625
2 0.48981481406249994 0.6503703703125 0.4990740734375 0.6503703703125 0.5046296296875 0.620740740625 0.521296296875 0.59555555625 0.5203703703125 0.5718518515625 0.497222221875 0.539259259375 0.48981481406249994 0.540740740625 0.4916666671875 0.5451851859375 0.48148148125 0.5555555562500001 0.478703703125 0.5748148140625 0.48055555625 0.6029629625 0.47407407343749997 0.6103703703125001 0.4888888890625 0.6251851859374999 0.48981481406249994 0.6503703703125
2 0.427777778125 0.7066666671874999 0.43240740781250003 0.6933333328125 0.427777778125 0.6725925921875 0.4203703703125 0.6651851859375 0.415740740625 0.6696296296875001 0.4148148140625 0.6799999999999999 0.396296296875 0.6859259265625 0.39444444375 0.6903703703125 0.3990740734375 0.699259259375 0.42222222187499997 0.7081481484375 0.427777778125 0.7066666671874999
2 0.45185185156249996 0.6340740734375 0.44259259218749997 0.64148148125 0.4388888890625 0.657777778125 0.447222221875 0.6859259265625 0.4583333328125 0.64444444375 0.45185185156249996 0.6340740734375
2 0.3046296296875 0.622222221875 0.2870370375 0.60148148125 0.26944444375 0.6074074078125 0.2648148140625 0.6340740734375 0.2703703703125 0.64 0.29814814843750004 0.6296296296875 0.3046296296875 0.622222221875
2 0.7296296296875 0.0711111109375 0.725 0.0651851859375 0.7120370375 0.0696296296875 0.7120370375 0.097777778125 0.725 0.100740740625 0.7296296296875 0.0888888890625 0.7296296296875 0.0711111109375
2 0.946296296875 0.063703703125 0.9370370375 0.063703703125 0.9305555562500001 0.0711111109375 0.934259259375 0.100740740625 0.9472222218749999 0.1051851859375 0.953703703125 0.0725925921875 0.946296296875 0.063703703125
2 0.88055555625 0.8992592593750001 0.8870370375000001 0.87851851875 0.8861111109375001 0.8533333328125 0.8768518515625001 0.8429629625 0.8675925921875001 0.8488888890625 0.8648148140625 0.8755555562499999 0.8675925921875001 0.8888888890625 0.8731481484374999 0.8977777781249999 0.88055555625 0.8992592593750001
2 0.8361111109375001 0.96444444375 0.8388888890624999 0.937777778125 0.8268518515625001 0.9199999999999999 0.815740740625 0.9274074078125001 0.8138888890624999 0.9525925921875 0.81851851875 0.9703703703125001 0.8259259265625 0.977777778125 0.8361111109375001 0.96444444375
2 0.7509259265625 0.9111111109375001 0.759259259375 0.8903703703125 0.7601851859375001 0.8637037031249999 0.7546296296875 0.8503703703125 0.747222221875 0.8400000000000001 0.7333333328125 0.8325925921874999 0.725 0.84148148125 0.7194444437499999 0.8577777781249999 0.7185185187500001 0.8725925921875 0.7361111109375 0.9096296296874999 0.740740740625 0.9140740734374999 0.7509259265625 0.9111111109375001
2 0.7990740734374999 0.8429629625 0.7953703703125 0.8103703703124999 0.7861111109375 0.79851851875 0.775 0.80148148125 0.771296296875 0.820740740625 0.7740740734375 0.8637037031249999 0.7870370375 0.8696296296874999 0.79444444375 0.862222221875 0.7990740734374999 0.8429629625
2 0.9990740734375001 0.9451851859374999 0.996296296875 0.9081481484375 0.984259259375 0.9037037031249999 0.977777778125 0.9096296296874999 0.9759259265625 0.9259259265625 0.9796296296874999 0.940740740625 0.9824074078124999 0.9451851859374999 0.9990740734375001 0.9451851859374999
2 0.965740740625 0.8251851859375 0.9620370375 0.8325925921874999 0.965740740625 0.8518518515625001 0.978703703125 0.8459259265625001 0.975 0.8281481484375 0.965740740625 0.8251851859375
2 0.8222222218749999 0.2266666671875 0.8138888890624999 0.223703703125 0.8055555562500001 0.23555555625000002 0.8074074078125 0.257777778125 0.8222222218749999 0.2666666671875 0.825 0.259259259375 0.8222222218749999 0.2266666671875
2 0.8611111109375 0.2118518515625 0.872222221875 0.20740740781250003 0.875 0.2 0.8898148140625001 0.19703703749999998 0.8953703703125001 0.20444444375 0.9046296296874999 0.20444444375 0.9120370375 0.17629629687499998 0.9120370375 0.1629629625 0.9018518515625 0.143703703125 0.8888888890625 0.15555555625 0.872222221875 0.16 0.8620370375 0.16148148125 0.8574074078124999 0.15259259218750001 0.8490740734375001 0.15259259218750001 0.840740740625 0.16444444375 0.8416666671874999 0.18222222187499998 0.8481481484375 0.1866666671875 0.85555555625 0.20888888906249997 0.8611111109375 0.2118518515625