2 0.3366834171875 0.3076923078125 0.32495812343749997 0.300904978125 0.3015075375 0.3054298640625 0.28978224531249996 0.3280542984375 0.28978224531249996 0.3552036203125 0.32830820781250003 0.3552036203125 0.3417085421875 0.3348416296875 0.3366834171875 0.3076923078125
2 0.443886096875 0.49321267031250005 0.4338358453125 0.4683257921875 0.4355108875 0.518099546875 0.4405360140625 0.54524886875 0.4455611390625 0.54524886875 0.443886096875 0.49321267031250005
2 0.24623115625 0.63800905 0.24790619687499998 0.6877828046875 0.2529313234375 0.6832579187500001 0.254606365625 0.64027149375 0.24623115625 0.63800905
2 0.3165829140625 0.610859728125 0.3082077046875 0.6063348421875 0.309882746875 0.6651583703124999 0.31825795625 0.67873303125 0.32160804062500004 0.6289592765625 0.3165829140625 0.610859728125
2 0.8509212734375 0.5972850671875001 0.8475711890625 0.6425339359375 0.8458961468749999 0.796380090625 0.85427135625 0.77375565625 0.8693467343749999 0.59276018125 0.8509212734375 0.5972850671875001
2 0.88777219375 0.40950226250000005 0.8961474031250001 0.36425339375 0.8944723625 0.30995475156249996 0.862646565625 0.2850678734375 0.8324958125 0.2828054296875 0.8291457281250001 0.300904978125 0.8576214406249999 0.3710407234375 0.8643216078125 0.41402715 0.88777219375 0.40950226250000005
2 0.7973199328125 0.3076923078125 0.790619765625 0.300904978125 0.752093803125 0.31221719531250003 0.7705192624999999 0.4434389140625 0.8040201 0.43891402656249995 0.807370184375 0.382352940625 0.7973199328125 0.3076923078125
2 0.661641540625 0.5090497734375 0.6432160796875 0.5158371046875 0.6365159125 0.5316742078125001 0.6582914578125 0.5791855203125 0.6683417078125 0.58597285 0.661641540625 0.5090497734375
2 0.673366834375 0.48642533906249996 0.690117253125 0.47285067812500003 0.6884422109375 0.4185520359375 0.65326633125 0.41176470624999995 0.65326633125 0.429864253125 0.6683417078125 0.45701357500000006 0.673366834375 0.48642533906249996
2 0.7973199328125 0.6832579187500001 0.798994975 0.6244343890625 0.790619765625 0.58597285 0.7805695140625 0.5837104078124999 0.762144053125 0.6018099546875 0.7587939703125001 0.610859728125 0.773869346875 0.6221719453125 0.8023450593750001 0.701357465625 0.7973199328125 0.6832579187500001
2 0.4840871015625 0.3257918546875 0.49246231093750004 0.36425339375 0.5025125625 0.3665158375 0.5008375203125001 0.3348416296875 0.4840871015625 0.3257918546875