2 0.621875 0.1921499703125 0.62421875 0.165202109375 0.621875 0.160515525 0.615625 0.1564147625 0.6140625 0.157586409375 0.60703125 0.1599297015625 0.6 0.1663737546875 0.596875 0.1886350328125 0.5890625 0.2067955484375 0.5890625 0.21734036250000002 0.59140625 0.220269478125 0.590625 0.24077328593749997 0.5859375 0.26127709375 0.584375 0.3016988875 0.58984375 0.3104862328125 0.59609375 0.314001171875 0.609375 0.305213825 0.6171875 0.2952548328125 0.62265625 0.27240773281249997 0.61796875 0.2437024015625 0.62578125 0.2284710015625 0.628125 0.205038078125 0.621875 0.1921499703125
2 0.57265625 0.20035149375 0.56875 0.2044522546875 0.5625 0.20210896250000002 0.5609375 0.1868775625 0.56015625 0.1874633859375 0.55234375 0.1921499703125 0.55078125 0.21734036250000002 0.5453125 0.247217340625 0.5453125 0.274751025 0.54140625 0.30579964843749996 0.5453125 0.323374340625 0.55078125 0.3257176328125 0.54921875 0.3298183953125 0.553125 0.33099004062500004 0.559375 0.3298183953125 0.55703125 0.3257176328125 0.5609375 0.3222026953125 0.56484375 0.3227885171875 0.56484375 0.32103104843749997 0.56015625 0.320445225 0.56015625 0.3169302875 0.5671875 0.3145869953125 0.56328125 0.309900409375 0.57265625 0.306385471875 0.56953125 0.30228470937499996 0.57578125 0.298769771875 0.5765625 0.2934973640625 0.5734375 0.2964264796875 0.57109375 0.2952548328125 0.575 0.292911540625 0.575 0.28822495625 0.571875 0.2864674875 0.575 0.285295840625 0.575 0.27299355625 0.578125 0.27299355625 0.578125 0.28060925625 0.58046875 0.28353837187500003 0.58203125 0.27592267187499997 0.58046875 0.25717633281249996 0.5765625 0.270064440625 0.575 0.2677211484375 0.57421875 0.241359109375 0.5765625 0.2343292328125 0.58046875 0.247217340625 0.58125 0.23491505625000003 0.57890625 0.231985940625 0.5828125 0.216754540625 0.58203125 0.2038664328125 0.58046875 0.20035149375 0.57265625 0.20035149375
2 0.54453125 0.2811950796875 0.5484375 0.2677211484375 0.5484375 0.2190978328125 0.5453125 0.21558289375 0.5421875 0.2179261859375 0.53671875 0.2190978328125 0.5328125 0.22788517812500003 0.534375 0.24077328593749997 0.5265625 0.256590509375 0.52890625 0.2753368484375 0.52578125 0.2923257171875 0.528125 0.3040421796875 0.5359375 0.3134153484375 0.540625 0.32454598749999997 0.54375 0.3087287640625 0.54453125 0.2811950796875
2 0.5515625 0.195664909375 0.55 0.1816051546875 0.54609375 0.1739894546875 0.54296875 0.172817809375 0.53984375 0.172817809375 0.525 0.180433509375 0.5234375 0.1980082015625 0.53046875 0.21558289375 0.53359375 0.218512009375 0.54140625 0.2190978328125 0.5453125 0.216754540625 0.54921875 0.2085530171875 0.5515625 0.195664909375
2 0.69765625 0.397773871875 0.7046875 0.3930872875 0.703125 0.38371411875 0.69765625 0.379027534375 0.696875 0.37961335625000003 0.68359375 0.3878148796875 0.684375 0.39132981875 0.69296875 0.397773871875 0.69765625 0.397773871875
2 0.671875 0.3649677796875 0.67265625 0.3561804328125 0.66484375 0.342706503125 0.654296875 0.3403632109375 0.65 0.3403632109375 0.6453125 0.344463971875 0.63984375 0.3649677796875 0.6453125 0.3702401875 0.6484375 0.3778558875 0.6625 0.38664323437500003 0.6703125 0.3813708265625 0.678125 0.3801991796875 0.68203125 0.371411834375 0.671875 0.3649677796875
2 0.53828125 0.3907439953125 0.5421875 0.3298183953125 0.54140625 0.327475103125 0.53828125 0.3268892796875 0.5375 0.3268892796875 0.53046875 0.34915055625 0.53046875 0.3561804328125 0.5203125 0.37609841875 0.521875 0.3966022265625 0.51875 0.4042179265625 0.51953125 0.4083186875 0.52890625 0.41124780312500003 0.53359375 0.4106619796875 0.5359375 0.4083186875 0.53828125 0.3907439953125
2 0.45234375 0.3801991796875 0.45234375 0.3661394265625 0.45 0.35793790312499996 0.44375 0.35090802499999996 0.4390625 0.35090802499999996 0.428125 0.3725834796875 0.4296875 0.3842999421875 0.4265625 0.3925014640625 0.4328125 0.40011716406250003 0.43984375 0.403632103125 0.43984375 0.4159343875 0.44765625 0.418863503125 0.453125 0.40949033437500004 0.4515625 0.40011716406250003 0.4484375 0.3966022265625 0.4484375 0.3889865265625 0.45234375 0.3801991796875
2 0.6859375 0.136496778125 0.69765625 0.12009373125 0.69296875 0.1072056234375 0.6859375 0.1025190390625 0.68515625 0.10310486249999999 0.68125 0.10310486249999999 0.675 0.10661980156249999 0.6671875 0.1183362625 0.66796875 0.12302284687500001 0.675 0.12946690156250001 0.671875 0.134739309375 0.67421875 0.13942589375 0.68203125 0.13942589375 0.6859375 0.136496778125
2 0.63984375 0.1142355015625 0.64453125 0.1101347390625 0.6453125 0.09490333906250001 0.63515625 0.0890451078125 0.63515625 0.08963093125 0.63046875 0.0931458703125 0.628125 0.1025190390625 0.628125 0.1113063859375 0.63125 0.115407146875 0.63984375 0.1142355015625
2 0.6296875 0.13942589375 0.63046875 0.1329818390625 0.62734375 0.127123609375 0.62109375 0.12419449375 0.61875 0.12419449375 0.6109375 0.1265377859375 0.609375 0.12946690156250001 0.61171875 0.13825424687500001 0.6109375 0.15055653125 0.61484375 0.1570005859375 0.6203125 0.1570005859375 0.62734375 0.1540714703125 0.625 0.1452841234375 0.6296875 0.13942589375
2 0.5875 0.14704159375 0.59140625 0.14176918593750001 0.590625 0.1312243703125 0.5859375 0.12770943125 0.58359375 0.12770943125 0.5796875 0.12946690156250001 0.5765625 0.134739309375 0.57421875 0.134739309375 0.57421875 0.142355009375 0.58125 0.1476274171875 0.5875 0.14704159375
2 0.55078125 0.1159929703125 0.5484375 0.0837727 0.5375 0.08084358593749999 0.5296875 0.076157 0.52890625 0.076157 0.521875 0.0902167546875 0.5140625 0.090802578125 0.51015625 0.09490333906250001 0.503125 0.0978324546875 0.4984375 0.09373169375 0.4953125 0.0954891625 0.49609375 0.10310486249999999 0.4984375 0.10544815468749999 0.50234375 0.1036906859375 0.50546875 0.106033978125 0.5015625 0.1113063859375 0.5015625 0.115407146875 0.5265625 0.128881078125 0.54296875 0.124780315625 0.5484375 0.121265378125 0.55078125 0.1159929703125
2 0.45078125 0.26362038593750003 0.43515625 0.24428822499999997 0.43671875 0.21441124843749998 0.428125 0.20210896250000002 0.42734375 0.20269478593749998 0.4234375 0.2038664328125 0.41953125 0.2085530171875 0.4140625 0.22261277031249999 0.4140625 0.2437024015625 0.4109375 0.25190392500000003 0.4140625 0.2601054484375 0.41171875 0.271821909375 0.41484375 0.28822495625 0.41875 0.294669009375 0.41953125 0.3181019328125 0.4234375 0.3227885171875 0.428125 0.3227885171875 0.4328125 0.32630345625 0.43203125 0.3298183953125 0.4359375 0.33391915625 0.4375 0.3315758640625 0.44765625 0.329232571875 0.45390625 0.3151728171875 0.4546875 0.30579964843749996 0.4515625 0.2940831875 0.45390625 0.2735793796875 0.45 0.2677211484375 0.45078125 0.26362038593750003
2 0.4828125 0.1435266546875 0.4765625 0.13766842343750002 0.4671875 0.13532513125 0.4609375 0.130638546875 0.45703125 0.130638546875 0.4515625 0.136496778125 0.43984375 0.136496778125 0.4359375 0.1388400703125 0.44375 0.1388400703125 0.4546875 0.145869946875 0.4671875 0.1487990625 0.4734375 0.153485646875 0.47109375 0.160515525 0.47421875 0.1693028703125 0.478125 0.1716461625 0.48359375 0.1716461625 0.4921875 0.168131225 0.4984375 0.15875805468749998 0.50625 0.1552431171875 0.50859375 0.145869946875 0.503125 0.14118336250000002 0.4984375 0.144112478125 0.4953125 0.142355009375 0.49140625 0.144112478125 0.4828125 0.1435266546875
2 0.45546875 0.083186878125 0.45 0.08201523125 0.4484375 0.0767428234375 0.44375 0.0732278859375 0.43984375 0.0732278859375 0.42890625 0.08084358593749999 0.41796875 0.08201523125 0.41015625 0.0890451078125 0.4125 0.1253661390625 0.41796875 0.130638546875 0.4203125 0.13825424687500001 0.425 0.13708260156250002 0.4265625 0.13942589375 0.42890625 0.1388400703125 0.43203125 0.130638546875 0.43828125 0.1312243703125 0.43984375 0.1341534859375 0.44765625 0.12419449375 0.44609375 0.1142355015625 0.45 0.10310486249999999 0.45 0.0954891625 0.45390625 0.09373169375 0.45625 0.086701815625 0.45546875 0.083186878125
2 0.634375 0.344463971875 0.63125 0.33801991875000004 0.63046875 0.3181019328125 0.6234375 0.31107205625 0.62265625 0.3116578796875 0.61640625 0.32103104843749997 0.61171875 0.3222026953125 0.61015625 0.3298183953125 0.60390625 0.336848271875 0.6046875 0.34153485625 0.61171875 0.350322203125 0.609375 0.365553603125 0.61484375 0.36965436406249996 0.61953125 0.36965436406249996 0.6234375 0.3661394265625 0.63125 0.365553603125 0.6328125 0.36086701875 0.63125 0.35325131875000004 0.634375 0.344463971875
2 0.82734375 0.6303456359374999 0.8296875 0.628588165625 0.8296875 0.6151142359375 0.8158203125 0.6139425890625 0.81171875 0.6139425890625 0.80390625 0.6168717046875 0.80234375 0.6274165203125001 0.82734375 0.6303456359374999
2 0.51015625 0.063854715625 0.50625 0.0650263625 0.4984375 0.060339778125 0.49140625 0.05916813125 0.4875 0.05916813125 0.471875 0.0609256 0.4671875 0.067955478125 0.46875 0.0732278859375 0.47265625 0.075571178125 0.47109375 0.0796719390625 0.475 0.08201523125 0.4984375 0.08201523125 0.51796875 0.076157 0.5171875 0.0661980078125 0.51328125 0.0661980078125 0.51015625 0.063854715625