2 0.00159744375 0 0.00159744375 0.9016786578125 0.10702875468749999 0.899280575 0.129392971875 0.8824940046874999 0.23642172499999997 0.9016786578125 0.41853035156249996 0.899280575 0.426517571875 0.89208633125 0.484025559375 0.8944844125 0.484025559375 0.8848920859374999 0.49840255625 0.8800959234375 0.5047923328125 0.815347721875 0.5 0.657074340625 0.43929712500000007 0.654676259375 0.42172523906250003 0.5947242203124999 0.42172523906250003 0.5707434046875 0.426517571875 0.477218225 0.44408945624999996 0.450839328125 0.4456869015625 0.4364508390625 0.4504792328125 0.3285371703125 0.4488817890625 0.31414868125 0.44089456875 0.3117506 0.4456869015625 0.25419664218750004 0.4600638984375 0.21822542031249997 0.47124600625 0.2230215828125 0.487220446875 0.21103117500000002 0.4952076671875 0.2206235015625 0.5079872203125 0.1990407671875 0.5063897765625 0.1223021578125 0.512779553125 0.0335731421875 0.5191693296875 0.0191846515625 0.5063897765625 0 0.00159744375 0
2 0.630990415625 0.8249400484375 0.6389776359375 0.872901678125 0.6629392968750001 0.870503596875 0.6565495203125 0.8225419671875001 0.630990415625 0.8249400484375
2 0.690095846875 0.899280575 0.7587859421875 0.8872901671875001 0.7715654953125 0.8585131890625 0.7699680515625 0.820143884375 0.7555910546875 0.7697841734375 0.7332268375 0.7529976015625001 0.6869009578124999 0.7841726625 0.6709265171875 0.8081534765624999 0.6661341859375 0.8896882500000001 0.690095846875 0.899280575
2 0.544728434375 0 0.5383386578125 0.0359712234375 0.543130990625 0.11750599531249999 0.5479233234375 0.11031175 0.5782747609375 0.11990407656249999 0.605431309375 0.16786570781250001 0.6277955265624999 0.15347721875 0.7284345046875 0.16306954375 0.7332268375 0.189448440625 0.7555910546875 0.20863309375 0.776357828125 0.20143884843749998 0.7875399359374999 0.2302158265625 0.8115015968750001 0.23501199062499997 0.8274760390625 0.22781774531250001 0.8274760390625 0.20863309375 0.8578274765625 0.1918465234375 0.8578274765625 0.1774580328125 0.8690095843750001 0.1558753 0.8817891375 0.1606714625 0.9121405749999999 0.2062350125 0.9089456874999999 0.2206235015625 0.9201277953125 0.237410071875 0.928115015625 0.2230215828125 0.9520766765625 0.2158273375 0.9840255593749999 0.2302158265625 0.9872204468750001 0.2446043171875 1 0.237410071875 1 0 0.544728434375 0
2 1 0.37649880156250004 0.9952076671875 0.37410071875 0.9872204468750001 0.37649880156250004 0.985623003125 0.4388489203125 0.97124600625 0.5347721828124999 0.9760383390625 0.6618705031250001 0.9696485625 0.764988009375 0.958466453125 0.8009592328125 0.9776357828125001 0.8441247000000001 0.97284345 0.8848920859374999 0.9872204468750001 0.89208633125 1 0.8824940046874999 1 0.37649880156250004
2 0.809904153125 0.5827338125 0.8067092656250001 0.3045563546875 0.8146964859375 0.1223021578125 0.809904153125 0.10791366875 0.8035143765624999 0.11750599531249999 0.7875399359374999 0.1127098328125 0.7843450484375001 0.4292565953125 0.76837060625 0.5323741 0.781150159375 0.654676259375 0.7747603828125 0.7194244609375 0.7795527156250001 0.7793764984375 0.76837060625 0.7913669062500001 0.776357828125 0.8105515593750001 0.782747603125 0.868105515625 0.7875399359374999 0.868105515625 0.7859424921875 0.8417266187499999 0.8035143765624999 0.817745803125 0.8051118203125001 0.8009592328125 0.7987220453125 0.652278178125 0.809904153125 0.5827338125
2 0.514376996875 0.1726618703125 0.5239616609375 0.182254196875 0.5335463265625 0.1702637890625 0.52875399375 0.1510791359375 0.514376996875 0.15347721875 0.514376996875 0.1726618703125
2 0.52875399375 0.709832134375 0.5351437703124999 0.678657075 0.5303514375 0.659472421875 0.5335463265625 0.49640287812499995 0.52875399375 0.4868105515625 0.517571884375 0.5155875296875 0.5207667734375 0.57553956875 0.512779553125 0.664268584375 0.512779553125 0.8321342921875001 0.517571884375 0.9040767390625 0.5255591046875 0.9016786578125 0.5335463265625 0.8297362109374999 0.52875399375 0.709832134375
2 0.514376996875 0.6714628296875 0.515974440625 0.7937649875 0.5303514375 0.8033573140625 0.52875399375 0.6882494 0.514376996875 0.6714628296875
2 0.5335463265625 0.5107913671875 0.5271565500000001 0.42685851250000006 0.5335463265625 0.345323740625 0.5303514375 0.25419664218750004 0.52875399375 0.2206235015625 0.5207667734375 0.21822542031249997 0.512779553125 0.498800959375 0.5191693296875 0.5347721828124999 0.517571884375 0.654676259375 0.5271565500000001 0.652278178125 0.5303514375 0.5515587531249999 0.5255591046875 0.52038369375 0.5335463265625 0.5107913671875
2 0.514376996875 0 0.514376996875 0.10551558750000001 0.517571884375 0.13669064687500002 0.5255591046875 0.1438848921875 0.5351437703124999 0.100719425 0.5399361015624999 0 0.514376996875 0