2 0.184 0.281437125 0.188 0.2754491015625 0.188 0.26946107812500003 0.18 0.25748502968750003 0.172 0.25748502968750003 0.172 0.2754491015625 0.176 0.281437125 0.184 0.281437125
2 0.41600000000000004 0.8622754484374999 0.384 0.8622754484374999 0.376 0.8862275453124999 0.36 0.8862275453124999 0.356 0.89221556875 0.36 0.8982035921874999 0.396 0.8802395203125 0.41600000000000004 0.8622754484374999
2 0.23199999999999998 0.21556886249999999 0.24 0.20958083906249997 0.244 0.197604790625 0.236 0.1856287421875 0.22000000000000003 0.1856287421875 0.21200000000000002 0.197604790625 0.21200000000000002 0.20958083906249997 0.21600000000000003 0.21556886249999999 0.23199999999999998 0.21556886249999999
2 0.21600000000000003 0.856287425 0.21600000000000003 0.8263473046875 0.156 0.8263473046875 0.144 0.8323353296875 0.13999999999999999 0.8443113765625 0.176 0.8443113765625 0.18 0.8502994015625 0.21600000000000003 0.856287425
2 0.21200000000000002 0 0.22000000000000003 0.011976048437500001 0.264 0.023952095312499998 0.264 0.029940120312500002 0.272 0.029940120312500002 0.316 0.0059880234375 0.32 0 0.21200000000000002 0
2 0.696 0.9281437125 0.716 0.9341317359374999 0.716 0.9281437125 0.712 0.9281437125 0.696 0.89221556875 0.6839999999999999 0.8862275453124999 0.6639999999999999 0.8862275453124999 0.644 0.8682634734375 0.636 0.8682634734375 0.6839999999999999 0.9341317359374999 0.692 0.9341317359374999 0.696 0.9281437125
2 0.044 0.39520958125 0.048 0.413173653125 0.052000000000000005 0.413173653125 0.064 0.43113772499999997 0.076 0.43113772499999997 0.092 0.4191616765625 0.1 0.407185628125 0.1 0.39520958125 0.088 0.377245509375 0.08 0.3832335328125 0.06 0.3832335328125 0.044 0.371257484375 0.044 0.39520958125
2 0 0.8622754484374999 0.016 0.8622754484374999 0.024 0.8502994015625 0.05600000000000001 0.8742514968749999 0.072 0.8742514968749999 0.076 0.8802395203125 0.092 0.8802395203125 0.1 0.8682634734375 0.12 0.8682634734375 0.12 0.8502994015625 0.096 0.8502994015625 0.092 0.8443113765625 0.004 0.8443113765625 0 0.8502994015625 0 0.8622754484374999
2 0.764 0.9461077843749999 0.8 0.96407185625 0.8240000000000001 0.982035928125 0.836 0.9700598796875 0.836 0.96407185625 0.8160000000000001 0.9401197609375 0.808 0.89221556875 0.776 0.9041916171875 0.76 0.9161676640625 0.752 0.9281437125 0.752 0.9341317359374999 0.756 0.9341317359374999 0.764 0.9461077843749999
2 0.132 0 0.128 0.023952095312499998 0.11599999999999999 0.03592814375 0.10400000000000001 0.03592814375 0.096 0.0479041921875 0.096 0.053892215624999996 0.128 0.10179640781249999 0.132 0.10179640781249999 0.156 0.0419161671875 0.16399999999999998 0.03592814375 0.16799999999999998 0.0059880234375 0.16399999999999998 0 0.132 0
2 0.344 0.3832335328125 0.36 0.3832335328125 0.364 0.371257484375 0.36 0.3473053890625 0.38 0.305389221875 0.38 0.28742515 0.36 0.2754491015625 0.356 0.26347305312499997 0.348 0.26347305312499997 0.344 0.281437125 0.32799999999999996 0.3113772453125 0.32799999999999996 0.371257484375 0.344 0.3832335328125
2 0.42800000000000005 0 0.43600000000000005 0.023952095312499998 0.42400000000000004 0.07784431093750001 0.376 0.1497005984375 0.376 0.1856287421875 0.40800000000000003 0.23353293437499997 0.40800000000000003 0.28742515 0.42400000000000004 0.305389221875 0.42400000000000004 0.32335329375 0.38 0.38922155625 0.392 0.407185628125 0.384 0.44910179687499996 0.36 0.46107784374999994 0.376 0.46706586874999995 0.392 0.520958084375 0.404 0.5269461078125001 0.48 0.694610778125 0.532 0.5808383234375001 0.54 0.5089820359375 0.54 0.46706586874999995 0.512 0.44910179687499996 0.516 0.371257484375 0.504 0.25748502968750003 0.532 0.20958083906249997 0.532 0.1856287421875 0.5599999999999999 0.12574850312500002 0.5599999999999999 0.089820359375 0.616 0 0.42800000000000005 0