2 0.49361022343750005 0 0.4808306703125 0.0191846515625 0.487220446875 0.0335731421875 0.49361022343750005 0.1223021578125 0.49201277968749996 0.1990407671875 0.5047923328125 0.2206235015625 0.512779553125 0.21103117500000002 0.52875399375 0.2230215828125 0.5399361015624999 0.21822542031249997 0.5543130984375 0.25419664218750004 0.55910543125 0.3117506 0.5511182109375 0.31414868125 0.5495207671875 0.3285371703125 0.5543130984375 0.4364508390625 0.55591054375 0.450839328125 0.5734824281249999 0.477218225 0.5782747609375 0.5707434046875 0.5782747609375 0.5947242203124999 0.5607028749999999 0.654676259375 0.5 0.657074340625 0.4952076671875 0.815347721875 0.5015974437499999 0.8800959234375 0.515974440625 0.8848920859374999 0.515974440625 0.8944844125 0.5734824281249999 0.89208633125 0.5814696484375 0.899280575 0.763578275 0.9016786578125 0.870607028125 0.8824940046874999 0.8929712453124999 0.899280575 0.99840255625 0.9016786578125 0.99840255625 0 0.49361022343750005 0
2 0.34345047968750003 0.8225419671875001 0.337060703125 0.870503596875 0.3610223640625 0.872901678125 0.369009584375 0.8249400484375 0.34345047968750003 0.8225419671875001
2 0.33386581406250004 0.8896882500000001 0.32907348281250004 0.8081534765624999 0.3130990421875 0.7841726625 0.2667731625 0.7529976015625001 0.24440894531250001 0.7697841734375 0.23003194843750002 0.820143884375 0.22843450468749998 0.8585131890625 0.2412140578125 0.8872901671875001 0.309904153125 0.899280575 0.33386581406250004 0.8896882500000001
2 0 0 0 0.237410071875 0.012779553125 0.2446043171875 0.015974440625 0.2302158265625 0.0479233234375 0.2158273375 0.071884984375 0.2230215828125 0.0798722046875 0.237410071875 0.0910543125 0.2206235015625 0.087859425 0.2062350125 0.11821086249999999 0.1606714625 0.130990415625 0.1558753 0.1421725234375 0.1774580328125 0.1421725234375 0.1918465234375 0.1725239609375 0.20863309375 0.1725239609375 0.22781774531250001 0.188498403125 0.23501199062499997 0.2124600640625 0.2302158265625 0.223642171875 0.20143884843749998 0.24440894531250001 0.20863309375 0.2667731625 0.189448440625 0.2715654953125 0.16306954375 0.37220447343749996 0.15347721875 0.394568690625 0.16786570781250001 0.42172523906250003 0.11990407656249999 0.4520766765625 0.11031175 0.45686900937499997 0.11750599531249999 0.4616613421875 0.0359712234375 0.45527156562500004 0 0 0
2 0 0.8824940046874999 0.012779553125 0.89208633125 0.02715655 0.8848920859374999 0.0223642171875 0.8441247000000001 0.041533546875 0.8009592328125 0.0303514375 0.764988009375 0.0239616609375 0.6618705031250001 0.02875399375 0.5347721828124999 0.014376996875 0.4388489203125 0.012779553125 0.37649880156250004 0.004792332812499999 0.37410071875 0 0.37649880156250004 0 0.8824940046874999
2 0.2012779546875 0.652278178125 0.1948881796875 0.8009592328125 0.1964856234375 0.817745803125 0.2140575078125 0.8417266187499999 0.2124600640625 0.868105515625 0.21725239687500003 0.868105515625 0.223642171875 0.8105515593750001 0.23162939374999997 0.7913669062500001 0.220447284375 0.7793764984375 0.22523961718750002 0.7194244609375 0.218849840625 0.654676259375 0.23162939374999997 0.5323741 0.2156549515625 0.4292565953125 0.2124600640625 0.1127098328125 0.1964856234375 0.11750599531249999 0.190095846875 0.10791366875 0.1853035140625 0.1223021578125 0.193290734375 0.3045563546875 0.190095846875 0.5827338125 0.2012779546875 0.652278178125
2 0.485623003125 0.15347721875 0.47124600625 0.1510791359375 0.4664536734375 0.1702637890625 0.4760383390625 0.182254196875 0.485623003125 0.1726618703125 0.485623003125 0.15347721875
2 0.4664536734375 0.8297362109374999 0.4744408953125 0.9016786578125 0.482428115625 0.9040767390625 0.487220446875 0.8321342921875001 0.487220446875 0.664268584375 0.4792332265625 0.57553956875 0.482428115625 0.5155875296875 0.47124600625 0.4868105515625 0.4664536734375 0.49640287812499995 0.46964856250000003 0.659472421875 0.4648562296875 0.678657075 0.47124600625 0.709832134375 0.4664536734375 0.8297362109374999
2 0.47124600625 0.6882494 0.46964856250000003 0.8033573140625 0.484025559375 0.7937649875 0.485623003125 0.6714628296875 0.47124600625 0.6882494
2 0.4744408953125 0.52038369375 0.46964856250000003 0.5515587531249999 0.47284344999999994 0.652278178125 0.482428115625 0.654676259375 0.4808306703125 0.5347721828124999 0.487220446875 0.498800959375 0.4792332265625 0.21822542031249997 0.47124600625 0.2206235015625 0.46964856250000003 0.25419664218750004 0.4664536734375 0.345323740625 0.47284344999999994 0.42685851250000006 0.4664536734375 0.5107913671875 0.4744408953125 0.52038369375
2 0.4600638984375 0 0.4648562296875 0.100719425 0.4744408953125 0.1438848921875 0.482428115625 0.13669064687500002 0.485623003125 0.10551558750000001 0.485623003125 0 0.4600638984375 0