2 0.0819112625 0.3432835828125 0.0819112625 0.3688699359375 0.11604095625 0.3539445625 0.1109215015625 0.30916844375 0.097269625 0.28144989374999996 0.05631399375 0.28784648125 0.05631399375 0.30916844375 0.0665529015625 0.317697228125 0.0733788390625 0.3411513859375 0.0819112625 0.3432835828125
2 0.0938566546875 0.356076759375 0.09044368593749999 0.32835820937500004 0.07508532500000001 0.32835820937500004 0.0870307171875 0.3411513859375 0.0853242328125 0.36460554375 0.0938566546875 0.356076759375
2 0.1791808875 0.3710021328125 0.18259385625 0.3603411515625 0.1740614328125 0.32409381718749997 0.16040955625 0.3134328359375 0.12286689375 0.317697228125 0.1262798640625 0.356076759375 0.136518771875 0.3773987203125 0.163822525 0.383795309375 0.1791808875 0.3710021328125
2 0.2252559734375 0.356076759375 0.2081911265625 0.3432835828125 0.19795221875 0.356076759375 0.19624573437499998 0.4157782515625 0.24232081875000003 0.4072494671875 0.24573378906249999 0.390191896875 0.2252559734375 0.356076759375
2 0.380546075 0.439232409375 0.363481228125 0.40938166249999997 0.3515358359375 0.40938166249999997 0.34470989687500003 0.44136460624999996 0.3515358359375 0.486140725 0.3686006828125 0.4797441359375 0.378839590625 0.46268656718749995 0.380546075 0.439232409375
2 0.30546075156249997 0.40938166249999997 0.30546075156249997 0.428571428125 0.31740614375 0.43070362500000003 0.315699659375 0.4051172703125 0.30546075156249997 0.40938166249999997
2 0.619453925 0.6012793171874999 0.6313993171875001 0.5884861406249999 0.6279863484375 0.560767590625 0.617747440625 0.5437100218750001 0.5921501703125001 0.5373134328125 0.5631399312500001 0.5671641796875 0.55631399375 0.5906183375 0.5307167234375 0.599147121875 0.5085324234375 0.5970149250000001 0.46075085312499997 0.5735607671875 0.4658703078125 0.5906183375 0.501706484375 0.6140724953125 0.51877133125 0.6162046906249999 0.619453925 0.6012793171874999
2 0.5153583625 0.5117270781250001 0.4880546078125 0.4904051171875 0.4726962453125 0.5095948828125 0.464163821875 0.5671641796875 0.517064846875 0.55223880625 0.5221842999999999 0.52452025625 0.5153583625 0.5117270781250001
2 0.9146757671874999 0.505330490625 0.9129692828125 0.466950959375 0.902730375 0.4605543703125 0.8737201359375 0.47121535156250005 0.8481228671875 0.5287846484375 0.7935153578125 0.5628997874999999 0.7901023890625 0.5671641796875 0.8122866890625 0.5863539453125 0.9044368593750001 0.5714285718750001 0.9146757671874999 0.505330490625
2 0.7713310578125 0.8272921109375 0.7679180890625 0.8571428578125 0.7901023890625 0.859275053125 0.7866894203125 0.8272921109375 0.7713310578125 0.8272921109375
2 0.636518771875 0.8464818765625 0.6382252562499999 0.8635394453125 0.6604095562500001 0.8614072500000001 0.6501706484375 0.842217484375 0.636518771875 0.8464818765625
2 0.48976109218749997 0.8400852875 0.4931740609375 0.8656716421875 0.517064846875 0.8464818765625 0.5051194546875 0.8166311296875 0.48976109218749997 0.8400852875
2 0.4095563140625 0.8358208953125 0.40443685937499996 0.8550106609375 0.4146757671875 0.8614072500000001 0.42320819062500004 0.8443496796875 0.4095563140625 0.8358208953125
2 0.5477815703125 0.8272921109375 0.5443686 0.842217484375 0.561433446875 0.848614071875 0.5631399312500001 0.8336887000000001 0.5477815703125 0.8272921109375
2 0.23549488125 0.7803837953125 0.2337883953125 0.7974413640625 0.2474402734375 0.803837953125 0.24573378906249999 0.786780384375 0.23549488125 0.7803837953125
2 0 0.6673773984375 0.061433446875 0.654584221875 0.177474403125 0.654584221875 0.221843003125 0.637526653125 0.2713310578125 0.633262259375 0.278156996875 0.624733475 0.2730375421875 0.6119402984375 0.2508532421875 0.6140724953125 0.21501706562499998 0.6012793171874999 0.14846416406250001 0.6396588484375 0.119453925 0.6439232406250001 0.0443686 0.6289978671875 0.020477815625 0.633262259375 0 0.6460554375 0 0.6673773984375
2 0.119453925 0.560767590625 0.11433447031249999 0.5373134328125 0.1040955625 0.533049040625 0.0921501703125 0.550106609375 0.09044368593749999 0.5735607671875 0.098976109375 0.57995735625 0.11433447031249999 0.5756929640624999 0.119453925 0.560767590625
2 0.025597270312499996 0.5010660984374999 0.011945392187499999 0.49680170625000003 0.0051194546874999995 0.541577825 0.017064846875 0.5479744140625 0.025597270312499996 0.53091684375 0.025597270312499996 0.5010660984374999
2 0.43515358437499996 0.6183368875 0.43686006875 0.60767590625 0.43515358437499996 0.599147121875 0.39078498281249996 0.5884861406249999 0.31911262812499996 0.624733475 0.3208191125 0.6311300640625 0.3532423203125 0.637526653125 0.36006825937500003 0.626865671875 0.43515358437499996 0.6183368875
2 0.24061433437500002 0.10447761250000001 0.2474402734375 0.11727078906249999 0.25767918125 0.113006396875 0.284982934375 0.157782515625 0.29522184375 0.1599147125 0.30375426562499996 0.14925373125000002 0.315699659375 0.16417910468750002 0.3122866890625 0.1812366734375 0.31911262812499996 0.1897654578125 0.336177475 0.17910447812500002 0.3498293515625 0.196162046875 0.3720136515625 0.17697228125 0.39078498281249996 0.185501065625 0.397610921875 0.17910447812500002 0.3959044375 0.12579957343749998 0.358361775 0.0788912578125 0.34470989687500003 0.0490405125 0.300341296875 0.08528784687499999 0.27986348125 0.08528784687499999 0.27474402656249997 0.0682302765625 0.255972696875 0.07249466875 0.2320819109375 0.08528784687499999 0.2064846421875 0.113006396875 0.20477815625 0.13432835781250002 0.21331057968749997 0.14072494687499998 0.22696245781250002 0.1066098078125 0.24061433437500002 0.10447761250000001
2 0.5 0.272921109375 0.5051194546875 0.29850746250000004 0.517064846875 0.307036246875 0.54095563125 0.272921109375 0.54095563125 0.2430703625 0.5324232078125 0.21535181250000002 0.5 0.1599147125 0.476109215625 0.157782515625 0.46075085312499997 0.12579957343749998 0.45221842968750003 0.130063965625 0.45051194531250005 0.2025586359375 0.43344709843749996 0.25159914687499996 0.4778157 0.25373134375 0.5 0.272921109375
2 0.98122866875 0.300639659375 0.9726962453124999 0.32835820937500004 0.9709897609375 0.35181236718750003 0.9982935156250001 0.38592750468750003 0.9982935156250001 0.3049040515625 0.98122866875 0.300639659375