2 0.7566666671875 0 0.75 0.017777778124999997 0.7466666671875 0.0311111109375 0.7533333328125 0.0488888890625 0.7566666671875 0.0933333328125 0.7666666671875 0.1066666671875 0.77 0.12444444375 0.8 0.19555555625 0.8066666671875 0.19555555625 0.8133333328125 0.1911111109375 0.8166666671874999 0.177777778125 0.8233333328124999 0.17333333281250002 0.8400000000000001 0.137777778125 0.8400000000000001 0.08444444375 0.8433333328125 0.08 0.8233333328124999 0.0666666671875 0.8166666671874999 0.0533333328125 0.8099999999999999 0.0533333328125 0.8 0.04 0.7966666671875 0.017777778124999997 0.79 0.013333332812500001 0.7866666671875 0 0.7566666671875 0
2 0.9099999999999999 0.15111111093750001 0.9099999999999999 0.16444444375 0.9266666671875001 0.16444444375 0.93 0.15555555625 0.9433333328125 0.15555555625 0.96 0.137777778125 0.9633333328125 0.137777778125 0.9633333328125 0.1288888890625 0.9400000000000001 0.102222221875 0.9099999999999999 0.0888888890625 0.8833333328125 0.0888888890625 0.8733333328124999 0.08 0.8666666671875 0.08444444375 0.8633333328124999 0.0888888890625 0.8666666671875 0.12 0.8833333328125 0.12 0.9099999999999999 0.15111111093750001
2 0.8433333328125 0 0.8433333328125 0.017777778124999997 0.85 0.022222221875 0.8533333328125 0.0311111109375 0.8733333328124999 0.0488888890625 0.8800000000000001 0.0488888890625 0.8933333328125 0.035555556249999995 0.8966666671875 0.035555556249999995 0.9 0.0266666671875 0.89 0 0.8433333328125 0
2 0.5733333328125 0 0.5733333328125 0.022222221875 0.5700000000000001 0.035555556249999995 0.5666666671875 0.08444444375 0.5700000000000001 0.102222221875 0.5766666671875 0.1066666671875 0.5900000000000001 0.1066666671875 0.5933333328125 0.102222221875 0.6033333328125 0.102222221875 0.61 0.1066666671875 0.62 0.0933333328125 0.6233333328125 0.08 0.5966666671875 0 0.5733333328125 0
2 0.5700000000000001 0.24 0.54 0.2133333328125 0.4533333328125 0.1866666671875 0.44666666718750003 0.20888888906249997 0.3533333328125 0.2488888890625 0.3333333328125 0.27555555625 0.27 0.24444444375000002 0.1966666671875 0.24444444375000002 0.1533333328125 0.27999999999999997 0.1266666671875 0.27999999999999997 0.1066666671875 0.2488888890625 0.03 0.2533333328125 0.0233333328125 0.29333333281249996 0.0433333328125 0.3111111109375 0.5666666671875 0.257777778125 0.5700000000000001 0.24
2 0 0 0 0.3066666671875 0.02 0.29333333281249996 0.0266666671875 0.24444444375000002 0.0366666671875 0.2266666671875 0.0466666671875 0.222222221875 0.05 0.1911111109375 0.0733333328125 0.15111111093750001 0.06999999999999999 0.1111111109375 0.0633333328125 0.1111111109375 0.0633333328125 0.0666666671875 0.08 0.035555556249999995 0.11333333281249999 0.035555556249999995 0.13333333281249998 0.022222221875 0.1366666671875 0 0 0
2 0.1566666671875 0.0666666671875 0.19 0.07555555625 0.1966666671875 0.07555555625 0.2033333328125 0.0666666671875 0.2066666671875 0.0666666671875 0.2033333328125 0.0311111109375 0.1933333328125 0.017777778124999997 0.1766666671875 0.017777778124999997 0.1666666671875 0.0311111109375 0.1633333328125 0.0311111109375 0.16 0.04 0.15 0.0488888890625 0.15 0.057777778125 0.1566666671875 0.0666666671875
2 0.22000000000000003 0 0.2266666671875 0.0266666671875 0.22999999999999998 0.0311111109375 0.22999999999999998 0.0488888890625 0.24 0.0311111109375 0.25 0 0.22000000000000003 0
2 0.3266666671875 0.057777778125 0.3266666671875 0.062222221875 0.32 0.0711111109375 0.3166666671875 0.0711111109375 0.3166666671875 0.07555555625 0.30333333281249997 0.0888888890625 0.2966666671875 0.0888888890625 0.29 0.097777778125 0.2966666671875 0.12444444375 0.32999999999999996 0.15555555625 0.32999999999999996 0.15111111093750001 0.33999999999999997 0.142222221875 0.36 0.1066666671875 0.36 0.097777778125 0.3433333328125 0.0488888890625 0.3466666671875 0.013333332812500001 0.3366666671875 0.013333332812500001 0.3333333328125 0.017777778124999997 0.3366666671875 0.0266666671875 0.3366666671875 0.0488888890625 0.32999999999999996 0.057777778125 0.3266666671875 0.057777778125
2 0.2366666671875 0.15555555625 0.23333333281250002 0.14666666718750002 0.22999999999999998 0.142222221875 0.19 0.142222221875 0.1866666671875 0.16444444375 0.2166666671875 0.20444444375 0.2366666671875 0.17333333281250002 0.2366666671875 0.15555555625
2 0.1266666671875 0.2133333328125 0.13999999999999999 0.20888888906249997 0.1433333328125 0.19555555625 0.1433333328125 0.177777778125 0.13999999999999999 0.17333333281250002 0.1266666671875 0.177777778125 0.12 0.1866666671875 0.1166666671875 0.19555555625 0.1166666671875 0.20444444375 0.12 0.20888888906249997 0.1266666671875 0.2133333328125
2 0.5900000000000001 0 0.5966666671875 0.022222221875 0.6 0.0266666671875 0.61 0.0266666671875 0.6133333328125 0.0311111109375 0.6233333328125 0.0311111109375 0.6366666671875 0.008888889062499999 0.6366666671875 0 0.5900000000000001 0
2 0.6599999999999999 0 0.6566666671875 0.004444443750000001 0.6533333328125 0.013333332812500001 0.6633333328125001 0.04 0.67 0.0488888890625 0.6733333328125 0.0488888890625 0.6833333328125 0.035555556249999995 0.6900000000000001 0.035555556249999995 0.6933333328125 0.04444444375 0.7033333328125 0.04444444375 0.7066666671874999 0.035555556249999995 0.7266666671875 0.0488888890625 0.7333333328125 0.04444444375 0.7333333328125 0.022222221875 0.72 0.004444443750000001 0.72 0 0.6599999999999999 0
2 0.73 0.17333333281250002 0.73 0.1688888890625 0.74 0.15555555625 0.7466666671875 0.13333333281249998 0.7433333328125 0.1288888890625 0.7433333328125 0.1066666671875 0.74 0.102222221875 0.7366666671875 0.1066666671875 0.7166666671875 0.1066666671875 0.7066666671874999 0.097777778125 0.6966666671875 0.097777778125 0.6933333328125 0.102222221875 0.6966666671875 0.137777778125 0.72 0.1688888890625 0.73 0.17333333281250002
2 0.1933333328125 0.91555555625 0.2133333328125 0.92444444375 0.26 0.9199999999999999 0.2833333328125 0.8888888890625 0.2833333328125 0.8488888890625 0.3066666671875 0.8400000000000001 0.3333333328125 0.8044444437499999 0.3333333328125 0.782222221875 0.3266666671875 0.7688888890625 0.31 0.75555555625 0.2866666671875 0.7511111109375 0.2733333328125 0.742222221875 0.24666666718750002 0.7111111109375 0.2366666671875 0.7066666671874999 0.2233333328125 0.72 0.2233333328125 0.737777778125 0.2 0.782222221875 0.1833333328125 0.7911111109375 0.18 0.8222222218749999 0.19 0.8755555562499999 0.19 0.9066666671875 0.1933333328125 0.91555555625
2 0.22000000000000003 0.6488888890625 0.22000000000000003 0.657777778125 0.24666666718750002 0.6711111109375001 0.25 0.6977777781250001 0.2633333328125 0.6977777781250001 0.2666666671875 0.7022222218749999 0.2833333328125 0.7022222218749999 0.29 0.6977777781250001 0.30333333281249997 0.6666666671875 0.30333333281249997 0.6533333328125 0.29333333281249996 0.64 0.2666666671875 0.622222221875 0.2666666671875 0.5866666671874999 0.2633333328125 0.5733333328125 0.25666666718750003 0.56444444375 0.24666666718750002 0.5599999999999999 0.24666666718750002 0.5555555562500001 0.2366666671875 0.5511111109375 0.22999999999999998 0.542222221875 0.2166666671875 0.5511111109375 0.2133333328125 0.617777778125 0.2266666671875 0.63555555625 0.2266666671875 0.64444444375 0.22000000000000003 0.6488888890625
2 0.2233333328125 0.48444444375 0.2366666671875 0.48444444375 0.24333333281249997 0.47555555624999996 0.24333333281249997 0.457777778125 0.2366666671875 0.44444444375 0.2166666671875 0.44000000000000006 0.2 0.44888888906249996 0.1966666671875 0.4533333328125 0.1966666671875 0.46666666718750005 0.2133333328125 0.48 0.2233333328125 0.48444444375
2 0.1166666671875 0.4711111109375 0.13 0.4711111109375 0.1433333328125 0.457777778125 0.14666666718750002 0.44444444375 0.1366666671875 0.4311111109375 0.1266666671875 0.4311111109375 0.1233333328125 0.4266666671875 0.11333333281249999 0.4311111109375 0.1066666671875 0.44000000000000006 0.1066666671875 0.4711111109375 0.11333333281249999 0.47555555624999996 0.1166666671875 0.4711111109375
2 0.1266666671875 0.6666666671875 0.1433333328125 0.657777778125 0.1433333328125 0.64 0.1366666671875 0.63555555625 0.11333333281249999 0.63555555625 0.11333333281249999 0.6488888890625 0.1166666671875 0.657777778125 0.1266666671875 0.6666666671875
2 0.1533333328125 0.7733333328125 0.1633333328125 0.7733333328125 0.1833333328125 0.742222221875 0.17333333281250002 0.7244444437500001 0.16 0.71555555625 0.15 0.71555555625 0.13999999999999999 0.7288888890624999 0.1366666671875 0.742222221875 0.13999999999999999 0.76 0.1533333328125 0.7688888890625 0.1533333328125 0.7733333328125
2 0.5266666671875 0.5511111109375 0.53 0.51555555625 0.55 0.4888888890625 0.5566666671875 0.46666666718750005 0.5700000000000001 0.44888888906249996 0.5766666671875 0.44888888906249996 0.5833333328125 0.4311111109375 0.5933333328125 0.42222222187499997 0.61 0.4266666671875 0.6133333328125 0.41333333281250006 0.65 0.3866666671875 0.6633333328125001 0.36444444374999996 0.6333333328124999 0.36444444374999996 0.5900000000000001 0.40444444375 0.5666666671875 0.41777777812499994 0.4933333328125 0.5333333328125 0.4966666671875 0.5333333328125 0.5 0.5466666671875 0.5266666671875 0.5511111109375
2 0.5266666671875 0.137777778125 0.5333333328125 0.13333333281249998 0.5333333328125 0.12444444375 0.5233333328125 0.1066666671875 0.5066666671875 0.12444444375 0.5033333328125 0.142222221875 0.5066666671875 0.15111111093750001 0.5133333328125 0.15555555625 0.5266666671875 0.137777778125
2 0.55 0.142222221875 0.5599999999999999 0.142222221875 0.5633333328125001 0.14666666718750002 0.5766666671875 0.1288888890625 0.58 0.11555555625 0.5700000000000001 0.1066666671875 0.5566666671875 0.1111111109375 0.55 0.12 0.5466666671875 0.12 0.5466666671875 0.137777778125 0.55 0.142222221875
2 0.7233333328125 0.76444444375 0.73 0.76444444375 0.7366666671875 0.75555555625 0.7366666671875 0.737777778125 0.73 0.72 0.7133333328125 0.72 0.6933333328125 0.7288888890624999 0.6900000000000001 0.7511111109375 0.6966666671875 0.76 0.7133333328125 0.75555555625 0.7233333328125 0.76444444375
2 0.32999999999999996 0.64444444375 0.33999999999999997 0.6488888890625 0.3633333328125 0.64 0.37333333281250003 0.6266666671875 0.36666666718749996 0.6088888890625 0.3533333328125 0.6088888890625 0.35 0.6044444437500001 0.3233333328125 0.6044444437500001 0.32 0.6133333328125 0.32 0.63555555625 0.3233333328125 0.63555555625 0.32999999999999996 0.64444444375