2 0 0.99555555625 0.9966666671875 0.99555555625 0.9966666671875 0.5599999999999999 0.9666666671874999 0.5555555562500001 0.8233333328124999 0.617777778125 0.8 0.6088888890625 0.7933333328125001 0.577777778125 0.76 0.5466666671875 0.7266666671875 0.542222221875 0.7066666671874999 0.577777778125 0.7033333328125 0.6266666671875 0.6566666671875 0.662222221875 0.58 0.777777778125 0.46666666718750005 0.7911111109375 0.44000000000000006 0.76444444375 0.4066666671875 0.76 0.32 0.8088888890625 0.22000000000000003 0.7866666671875 0.19 0.8044444437499999 0.17333333281250002 0.862222221875 0.03 0.88444444375 0.02 0.9288888890625 0 0.942222221875 0 0.99555555625
2 0.13333333281249998 0.7333333328125 0.13999999999999999 0.737777778125 0.1633333328125 0.737777778125 0.1666666671875 0.742222221875 0.1866666671875 0.737777778125 0.1933333328125 0.72 0.1633333328125 0.7022222218749999 0.1633333328125 0.6933333328125 0.14666666718750002 0.6488888890625 0.14666666718750002 0.6088888890625 0.1433333328125 0.6044444437500001 0.1433333328125 0.5911111109375 0.1266666671875 0.5688888890625 0.11333333281249999 0.5688888890625 0.1066666671875 0.56444444375 0.10333333281249998 0.5733333328125 0.1066666671875 0.662222221875 0.12 0.7066666671874999 0.13333333281249998 0.7333333328125
2 0.3266666671875 0.27555555625 0.3533333328125 0.28444444375 0.41 0.27999999999999997 0.4566666671875 0.297777778125 0.4733333328125 0.297777778125 0.4933333328125 0.28444444375 0.5666666671875 0.297777778125 0.6433333328125 0.29333333281249996 0.63 0.2488888890625 0.5966666671875 0.2133333328125 0.5166666671875 0.1911111109375 0.45999999999999996 0.1866666671875 0.43333333281249997 0.17333333281250002 0.4233333328125 0.177777778125 0.4066666671875 0.2133333328125 0.33999999999999997 0.257777778125 0.3266666671875 0.257777778125 0.3266666671875 0.27555555625
2 0.5700000000000001 0 0.5700000000000001 0.004444443750000001 0.63 0.04444444375 0.6366666671875 0.0533333328125 0.65 0.0533333328125 0.6533333328125 0.04444444375 0.67 0.022222221875 0.6666666671875 0.013333332812500001 0.6566666671875 0.004444443750000001 0.6566666671875 0 0.5700000000000001 0
2 0.8366666671875 0 0.8433333328125 0.057777778125 0.8533333328125 0.08444444375 0.8733333328124999 0.12444444375 0.8833333328125 0.13333333281249998 0.8866666671875001 0.1288888890625 0.89 0.0533333328125 0.8800000000000001 0.04 0.8733333328124999 0.04 0.8633333328124999 0 0.8366666671875 0
2 0.96 0 0.9400000000000001 0.04 0.9400000000000001 0.057777778125 0.96 0.12 0.96 0.13333333281249998 0.9666666671874999 0.15111111093750001 0.97 0.15111111093750001 0.9800000000000001 0.19555555625 0.9866666671875001 0.2133333328125 0.9966666671875 0.222222221875 0.9966666671875 0 0.96 0
2 0.9033333328125 0.28444444375 0.9199999999999999 0.28444444375 0.9233333328125 0.27999999999999997 0.9233333328125 0.2533333328125 0.9133333328125 0.222222221875 0.9 0.20444444375 0.8866666671875001 0.20444444375 0.8833333328125 0.20888888906249997 0.8833333328125 0.2488888890625 0.89 0.2711111109375 0.9033333328125 0.28444444375
2 0.37666666718749997 0.11555555625 0.3933333328125 0.12 0.4 0.1111111109375 0.41333333281250006 0.102222221875 0.44000000000000006 0.097777778125 0.4566666671875 0.0888888890625 0.47000000000000003 0.0666666671875 0.46333333281250005 0.0711111109375 0.4533333328125 0.0533333328125 0.4266666671875 0.035555556249999995 0.4166666671875 0.035555556249999995 0.41 0.04 0.37333333281250003 0.08444444375 0.37 0.0888888890625 0.37 0.102222221875 0.37333333281250003 0.1111111109375 0.37666666718749997 0.11555555625
2 0.23333333281250002 0.20888888906249997 0.25666666718750003 0.20888888906249997 0.2633333328125 0.20444444375 0.2633333328125 0.2 0.3133333328125 0.1688888890625 0.3233333328125 0.18222222187499998 0.32999999999999996 0.177777778125 0.3433333328125 0.177777778125 0.3533333328125 0.1688888890625 0.3566666671875 0.15111111093750001 0.3433333328125 0.137777778125 0.3366666671875 0.12 0.32 0.1111111109375 0.31 0.1111111109375 0.2866666671875 0.137777778125 0.26 0.15111111093750001 0.25 0.16444444375 0.24333333281249997 0.1866666671875 0.22999999999999998 0.19555555625 0.2266666671875 0.20444444375 0.23333333281250002 0.20888888906249997
2 0.0733333328125 0.42222222187499997 0.07666666718750001 0.41777777812499994 0.07666666718750001 0.3866666671875 0.06999999999999999 0.377777778125 0.06999999999999999 0.35555555625 0.0666666671875 0.35111111093749997 0.0566666671875 0.35111111093749997 0.05 0.3688888890625 0.0366666671875 0.3866666671875 0.0333333328125 0.4 0.0333333328125 0.41777777812499994 0.0433333328125 0.4311111109375 0.0733333328125 0.42222222187499997
2 0.39 0.3688888890625 0.48333333281249996 0.337777778125 0.49000000000000005 0.3288888890625 0.49000000000000005 0.32444444375 0.48666666718749996 0.32 0.4566666671875 0.32 0.4533333328125 0.31555555625 0.44666666718750003 0.31555555625 0.44333333281250004 0.32 0.4266666671875 0.32 0.41333333281250006 0.3288888890625 0.4 0.3288888890625 0.37666666718749997 0.342222221875 0.37333333281250003 0.3466666671875 0.37333333281250003 0.36 0.38 0.3688888890625 0.39 0.3688888890625
2 0.7466666671875 0.35111111093749997 0.7466666671875 0.337777778125 0.7433333328125 0.3288888890625 0.7366666671875 0.32 0.7233333328125 0.3111111109375 0.72 0.31555555625 0.7166666671875 0.3466666671875 0.73 0.36 0.7433333328125 0.36 0.7466666671875 0.35111111093749997
2 0.44000000000000006 0.7866666671875 0.44333333281250004 0.7866666671875 0.45 0.777777778125 0.45999999999999996 0.7466666671875 0.45999999999999996 0.737777778125 0.44666666718750003 0.72 0.44666666718750003 0.71555555625 0.43666666718749997 0.71555555625 0.43 0.72 0.4266666671875 0.7333333328125 0.4266666671875 0.75555555625 0.43333333281249997 0.777777778125 0.44000000000000006 0.7866666671875
2 0.5933333328125 0.7022222218749999 0.5933333328125 0.6977777781250001 0.5833333328125 0.68444444375 0.5766666671875 0.68444444375 0.5733333328125 0.6888888890625 0.5700000000000001 0.6977777781250001 0.5766666671875 0.7066666671874999 0.5866666671874999 0.7066666671874999 0.5933333328125 0.7022222218749999
2 0.51 0.617777778125 0.5133333328125 0.6133333328125 0.5133333328125 0.5911111109375 0.51 0.5822222218750001 0.5 0.5822222218750001 0.4966666671875 0.5866666671874999 0.4966666671875 0.6133333328125 0.5 0.617777778125 0.51 0.617777778125
2 0.1966666671875 0.5822222218750001 0.1966666671875 0.5333333328125 0.1933333328125 0.52 0.19 0.51555555625 0.1833333328125 0.51555555625 0.1766666671875 0.5333333328125 0.1766666671875 0.5511111109375 0.19 0.577777778125 0.1966666671875 0.5822222218750001
2 0.24666666718750002 0.5599999999999999 0.24333333281249997 0.5511111109375 0.2366666671875 0.5511111109375 0.2366666671875 0.56444444375 0.24333333281249997 0.56444444375 0.24666666718750002 0.5599999999999999
2 0 0.9333333328125001 0.0033333328125 0.9333333328125001 0.0066666671875 0.92444444375 0.01 0.92444444375 0.01 0.9199999999999999 0.02 0.9066666671875 0.03 0.8666666671875 0.0366666671875 0.8577777781249999 0.013333332812500001 0.8400000000000001 0 0.8311111109375 0 0.9333333328125001