2 0.748 0.2647058828125 0.76 0.25 0.766 0.217647059375 0.746 0.18823529375 0.6839999999999999 0.1352941171875 0.592 0.11176470624999998 0.52 0.1264705875 0.45599999999999996 0.1705882359375 0.404 0.23823529375 0.362 0.3352941171875 0.346 0.42352941250000004 0.35 0.5352941171875 0.354 0.5411764703124999 0.388 0.5029411765625 0.392 0.3970588234375 0.422 0.30294117656249997 0.472 0.25 0.476 0.22941176406250002 0.49400000000000005 0.2088235296875 0.558 0.1764705875 0.612 0.1735294125 0.638 0.1911764703125 0.65 0.17941176406249998 0.706 0.217647059375 0.748 0.2647058828125
2 0.6599999999999999 0.5029411765625 0.666 0.4470588234375 0.638 0.38823529375 0.596 0.367647059375 0.5900000000000001 0.367647059375 0.5700000000000001 0.3764705875 0.546 0.3705882359375 0.554 0.3764705875 0.54 0.39117647031249997 0.524 0.4735294125 0.53 0.48235294062499995 0.536 0.4705882359375 0.536 0.5029411765625 0.568 0.53823529375 0.588 0.5470588234375 0.624 0.544117646875 0.6599999999999999 0.5029411765625
2 0.42000000000000004 0.5029411765625 0.522 0.4647058828125 0.534 0.405882353125 0.484 0.3294117640625 0.45599999999999996 0.33823529375 0.442 0.3147058828125 0.418 0.35 0.396 0.45 0.42000000000000004 0.5029411765625
2 0.548 0.36176470625 0.476 0.2529411765625 0.47000000000000003 0.25588235312499996 0.46799999999999997 0.24117647031249997 0.466 0.24117647031249997 0.44800000000000006 0.2647058828125 0.534 0.40294117656250006 0.55 0.3764705875 0.548 0.36176470625
2 0.796 0.6970588234374999 0.8240000000000001 0.6176470593750001 0.806 0.6147058828125 0.796 0.567647059375 0.78 0.6441176468750001 0.75 0.6705882359374999 0.738 0.667647059375 0.74 0.682352940625 0.722 0.7205882359375 0.6980000000000001 0.75 0.658 0.7705882359375 0.572 0.7735294125000001 0.5 0.7411764703125 0.426 0.6529411765625001 0.404 0.5970588234374999 0.39 0.505882353125 0.378 0.5 0.35 0.517647059375 0.348 0.5323529406249999 0.372 0.6441176468750001 0.42800000000000005 0.7470588234375 0.488 0.8029411765625 0.5820000000000001 0.83823529375 0.678 0.8205882359375 0.762 0.75 0.796 0.6970588234374999
2 0.488 0.7264705874999999 0.52 0.7411764703125 0.532 0.7088235296875001 0.5519999999999999 0.55 0.532 0.517647059375 0.502 0.517647059375 0.47800000000000004 0.5352941171875 0.418 0.5529411765625001 0.404 0.582352940625 0.41600000000000004 0.6264705875 0.438 0.667647059375 0.488 0.7264705874999999
2 0.502 0.5147058828125 0.534 0.5088235296875 0.534 0.4764705875 0.52 0.46764705937500006 0.518 0.4705882359375 0.396 0.5147058828125 0.40199999999999997 0.5588235296875 0.47800000000000004 0.5323529406249999 0.502 0.5147058828125
2 0.5599999999999999 0.7294117640625 0.5900000000000001 0.594117646875 0.5780000000000001 0.555882353125 0.5660000000000001 0.5470588234375 0.5660000000000001 0.55 0.558 0.5588235296875 0.536 0.7029411765625 0.524 0.7411764703125 0.524 0.7529411765625 0.55 0.767647059375 0.548 0.7588235296875 0.5599999999999999 0.767647059375 0.5599999999999999 0.7294117640625
2 0.6559999999999999 0.7617647062499999 0.714 0.7147058828125 0.718 0.6970588234374999 0.71 0.6794117640625 0.64 0.5588235296875 0.596 0.5705882359375 0.564 0.7529411765625 0.584 0.7705882359375 0.6559999999999999 0.7617647062499999
2 0.728 0.705882353125 0.74 0.6735294125 0.738 0.6588235296875 0.666 0.5411764703124999 0.662 0.5470588234375 0.654 0.5411764703124999 0.646 0.5588235296875 0.6519999999999999 0.5764705875 0.704 0.65 0.702 0.6588235296875 0.728 0.705882353125
2 0.67 0.46176470625 0.788 0.4264705875 0.796 0.394117646875 0.788 0.3794117640625 0.786 0.3794117640625 0.6679999999999999 0.4205882359375 0.67 0.46176470625
2 0.642 0.332352940625 0.6639999999999999 0.21176470625000002 0.6639999999999999 0.1911764703125 0.65 0.17941176406249998 0.64 0.17941176406249998 0.602 0.36176470625 0.612 0.3529411765625 0.632 0.3647058828125 0.642 0.332352940625
2 0.8099999999999999 0.63823529375 0.828 0.6058823531249999 0.8400000000000001 0.5588235296875 0.844 0.42941176406250003 0.8220000000000001 0.32058823593749997 0.794 0.25588235312499996 0.768 0.217647059375 0.756 0.23823529375 0.744 0.23529411718749998 0.794 0.3794117640625 0.8039999999999999 0.48823529375 0.792 0.6058823531249999 0.8039999999999999 0.6147058828125 0.8099999999999999 0.63823529375
2 0.658 0.4147058828125 0.71 0.405882353125 0.716 0.40294117656250006 0.714 0.39117647031249997 0.682 0.3264705875 0.65 0.2970588234375 0.634 0.3794117640625 0.658 0.4147058828125
2 0.5599999999999999 0.3705882359375 0.576 0.3705882359375 0.602 0.355882353125 0.616 0.2705882359375 0.562 0.25588235312499996 0.536 0.2911764703125 0.504 0.267647059375 0.49000000000000005 0.27647058750000003 0.5599999999999999 0.3705882359375
2 0.744 0.5647058828125 0.75 0.5294117640625 0.708 0.5 0.726 0.455882353125 0.6719999999999999 0.4705882359375 0.6639999999999999 0.5294117640625 0.734 0.63823529375 0.748 0.5970588234374999 0.744 0.5647058828125