2 0 0.3333333328125 0.09 0.337777778125 0.1966666671875 0.3288888890625 0.22000000000000003 0.32444444375 0.2366666671875 0.3111111109375 0.22999999999999998 0.297777778125 0.2133333328125 0.30222222187500003 0.1966666671875 0.28444444375 0.1766666671875 0.27999999999999997 0.1566666671875 0.2488888890625 0.1433333328125 0.177777778125 0.16 0.16 0.19 0.16 0.2 0.14666666718750002 0.22000000000000003 0.142222221875 0.24666666718750002 0.12 0.2533333328125 0.1066666671875 0.25 0.0711111109375 0.1066666671875 0.07555555625 0.0966666671875 0.0888888890625 0.013333332812500001 0.08444444375 0 0.0888888890625 0 0.3333333328125
2 0.58 0.1066666671875 0.6566666671875 0.1111111109375 0.6633333328125001 0.097777778125 0.76 0.07555555625 0.73 0.0711111109375 0.7266666671875 0.08 0.71 0.08 0.71 0.0711111109375 0.6766666671875 0.07555555625 0.67 0.0711111109375 0.6266666671875 0.0711111109375 0.6166666671875001 0.08 0.6133333328125 0.07555555625 0.5933333328125 0.07555555625 0.5900000000000001 0.0666666671875 0.5466666671875 0.0711111109375 0.5466666671875 0.08 0.5766666671875 0.097777778125 0.58 0.1066666671875
2 0.79 0.15111111093750001 0.8300000000000001 0.15111111093750001 0.8366666671875 0.1688888890625 0.8566666671875 0.1911111109375 0.8800000000000001 0.2 0.8833333328125 0.20888888906249997 0.9133333328125 0.19555555625 0.9466666671875 0.1911111109375 0.95 0.16444444375 0.9566666671874999 0.15555555625 0.96 0.12 0.9566666671874999 0.08444444375 0.9633333328125 0.07555555625 0.9966666671875 0.08 0.9933333328125 0.0666666671875 0.7866666671875 0.07555555625 0.78 0.097777778125 0.7633333328125 0.102222221875 0.7633333328125 0.11555555625 0.79 0.15111111093750001
2 0.6 0 0.6 0.035555556249999995 0.5933333328125 0.0488888890625 0.5900000000000001 0.0488888890625 0.5866666671874999 0.062222221875 0.5933333328125 0.0666666671875 0.6366666671875 0.0666666671875 0.63 0.0533333328125 0.6266666671875 0.035555556249999995 0.63 0.0311111109375 0.63 0.004444443750000001 0.6333333328124999 0 0.6 0
2 0.5166666671875 0 0.5133333328125 0.004444443750000001 0.5133333328125 0.017777778124999997 0.51 0.022222221875 0.5033333328125 0.057777778125 0.51 0.0666666671875 0.5566666671875 0.0666666671875 0.5733333328125 0.057777778125 0.5700000000000001 0.0533333328125 0.5700000000000001 0.035555556249999995 0.5733333328125 0.0311111109375 0.5700000000000001 0.0266666671875 0.5700000000000001 0 0.5166666671875 0
2 0.7066666671874999 0 0.7033333328125 0.017777778124999997 0.6866666671874999 0.04 0.6833333328125 0.0488888890625 0.6833333328125 0.062222221875 0.7366666671875 0.062222221875 0.7266666671875 0.022222221875 0.7366666671875 0.004444443750000001 0.7366666671875 0 0.7066666671874999 0
2 0.5733333328125 0.17333333281250002 0.5766666671875 0.177777778125 0.5833333328125 0.177777778125 0.5933333328125 0.16444444375 0.5966666671875 0.16444444375 0.5933333328125 0.15555555625 0.5866666671874999 0.15111111093750001 0.5766666671875 0.15111111093750001 0.5666666671875 0.142222221875 0.5366666671875 0.142222221875 0.5333333328125 0.14666666718750002 0.5366666671875 0.16444444375 0.55 0.17333333281250002 0.5733333328125 0.17333333281250002
2 0.16 0.6711111109375001 0.1533333328125 0.68444444375 0.2066666671875 0.8044444437499999 0.29333333281249996 0.9066666671875 0.3066666671875 0.8977777781249999 0.3533333328125 0.9333333328125001 0.37666666718749997 0.9333333328125001 0.3966666671875 0.8088888890625 0.36 0.742222221875 0.3533333328125 0.6933333328125 0.3166666671875 0.662222221875 0.3066666671875 0.63555555625 0.1833333328125 0.5555555562500001 0.1766666671875 0.462222221875 0.14666666718750002 0.3866666671875 0.1266666671875 0.36444444374999996 0.1066666671875 0.36 0.04 0.3866666671875 0.0366666671875 0.4 0.0666666671875 0.46666666718750005 0.13333333281249998 0.5688888890625 0.16 0.6711111109375001
2 0.3633333328125 0.982222221875 0.37333333281250003 0.977777778125 0.38333333281250004 0.977777778125 0.3933333328125 0.99555555625 0.4566666671875 0.99555555625 0.45999999999999996 0.9866666671875001 0.45 0.9688888890625 0.45 0.96444444375 0.44333333281250004 0.96 0.43333333281249997 0.96 0.42000000000000004 0.92444444375 0.3866666671875 0.92444444375 0.37333333281250003 0.9466666671875 0.37 0.96 0.3533333328125 0.9688888890625 0.3533333328125 0.9733333328124999 0.3466666671875 0.982222221875 0.3433333328125 0.99555555625 0.3633333328125 0.99555555625 0.36666666718749996 0.9911111109374999 0.3633333328125 0.982222221875
2 0 0.96 0.01 0.95555555625 0.013333332812500001 0.9466666671875 0.02 0.937777778125 0.0233333328125 0.937777778125 0.0433333328125 0.8800000000000001 0.0433333328125 0.8666666671875 0.04 0.8577777781249999 0.03 0.8533333328125 0.0233333328125 0.8444444437499999 0.03 0.8266666671875 0.0266666671875 0.8 0.0033333328125 0.7911111109375 0 0.7911111109375 0 0.96
2 0.2533333328125 0.5555555562500001 0.26 0.56444444375 0.2633333328125 0.56444444375 0.2733333328125 0.5466666671875 0.2766666671875 0.5111111109375 0.27 0.502222221875 0.2633333328125 0.502222221875 0.2533333328125 0.5111111109375 0.2533333328125 0.5333333328125 0.25 0.5377777781249999 0.25 0.5466666671875 0.2533333328125 0.5555555562500001
2 0.7566666671875 0.2711111109375 0.76 0.27555555625 0.7666666671875 0.2711111109375 0.77 0.222222221875 0.7466666671875 0.222222221875 0.7466666671875 0.23555555625000002 0.7433333328125 0.24 0.7433333328125 0.257777778125 0.74 0.262222221875 0.7433333328125 0.2711111109375 0.7566666671875 0.2711111109375
2 0.6233333328125 0.32 0.6366666671875 0.32 0.64 0.30222222187500003 0.6333333328124999 0.28444444375 0.63 0.27999999999999997 0.6166666671875001 0.28444444375 0.6133333328125 0.27999999999999997 0.6033333328125 0.28444444375 0.6033333328125 0.297777778125 0.6166666671875001 0.31555555625 0.6233333328125 0.32
2 0.6599999999999999 0.19555555625 0.6733333328125 0.16 0.67 0.14666666718750002 0.6566666671875 0.14666666718750002 0.65 0.15555555625 0.64 0.16 0.6533333328125 0.19555555625 0.6599999999999999 0.19555555625
2 0.2166666671875 0.0666666671875 0.25 0.0666666671875 0.25 0.057777778125 0.24 0.04444444375 0.2266666671875 0.04444444375 0.2233333328125 0.0488888890625 0.2133333328125 0.0488888890625 0.2133333328125 0.062222221875 0.2166666671875 0.0666666671875
2 0.54 0.3688888890625 0.5933333328125 0.3688888890625 0.6066666671875 0.36 0.6066666671875 0.3466666671875 0.6033333328125 0.342222221875 0.53 0.337777778125 0.5133333328125 0.337777778125 0.51 0.342222221875 0.46333333281250005 0.337777778125 0.4533333328125 0.342222221875 0.45 0.35111111093749997 0.45999999999999996 0.36 0.5366666671875 0.36444444374999996 0.54 0.3688888890625
2 0.6766666671875 0.377777778125 0.6799999999999999 0.37333333281250003 0.6799999999999999 0.36 0.6666666671875 0.36 0.6633333328125001 0.36444444374999996 0.6633333328125001 0.37333333281250003 0.6666666671875 0.377777778125 0.6766666671875 0.377777778125
2 0.8733333328124999 0.3111111109375 0.8800000000000001 0.3066666671875 0.8800000000000001 0.28444444375 0.8766666671875001 0.27999999999999997 0.8666666671875 0.27999999999999997 0.8633333328124999 0.28444444375 0.8633333328124999 0.30222222187500003 0.8699999999999999 0.3111111109375 0.8733333328124999 0.3111111109375
2 0.6333333328124999 0 0.63 0.008888889062499999 0.63 0.0488888890625 0.6333333328124999 0.057777778125 0.64 0.0666666671875 0.6633333328125001 0.0666666671875 0.6666666671875 0.062222221875 0.6666666671875 0.0533333328125 0.6633333328125001 0.0488888890625 0.6633333328125001 0.022222221875 0.6566666671875 0 0.6333333328124999 0
2 0.43 0.41777777812499994 0.44000000000000006 0.42222222187499997 0.46333333281250005 0.42222222187499997 0.46666666718750005 0.41777777812499994 0.48 0.41777777812499994 0.48333333281249996 0.41333333281250006 0.48333333281249996 0.40888888906250004 0.4766666671875 0.40444444375 0.4766666671875 0.4 0.46333333281250005 0.3911111109375 0.44333333281250004 0.382222221875 0.4166666671875 0.382222221875 0.41333333281250006 0.3911111109375 0.4166666671875 0.4 0.4233333328125 0.40444444375 0.43 0.41777777812499994
2 0.1566666671875 0.6977777781250001 0.1533333328125 0.6711111109375001 0.13999999999999999 0.657777778125 0.1266666671875 0.6488888890625 0.12 0.6488888890625 0.1166666671875 0.6533333328125 0.1166666671875 0.662222221875 0.1266666671875 0.67555555625 0.1566666671875 0.6977777781250001