2 0.294 0.217647059375 0.35 0.17941176406249998 0.362 0.1911764703125 0.388 0.1735294125 0.442 0.1764705875 0.506 0.2088235296875 0.524 0.22941176406250002 0.528 0.25 0.5780000000000001 0.30294117656249997 0.608 0.3970588234375 0.612 0.5029411765625 0.646 0.5411764703124999 0.65 0.5352941171875 0.654 0.42352941250000004 0.638 0.3352941171875 0.596 0.23823529375 0.544 0.1705882359375 0.48 0.1264705875 0.40800000000000003 0.11176470624999998 0.316 0.1352941171875 0.254 0.18823529375 0.23399999999999999 0.217647059375 0.24 0.25 0.252 0.2647058828125 0.294 0.217647059375
2 0.376 0.544117646875 0.41200000000000003 0.5470588234375 0.43200000000000005 0.53823529375 0.46399999999999997 0.5029411765625 0.46399999999999997 0.4705882359375 0.47000000000000003 0.48235294062499995 0.476 0.4735294125 0.45999999999999996 0.39117647031249997 0.446 0.3764705875 0.454 0.3705882359375 0.43 0.3764705875 0.41 0.367647059375 0.404 0.367647059375 0.362 0.38823529375 0.33399999999999996 0.4470588234375 0.33999999999999997 0.5029411765625 0.376 0.544117646875
2 0.604 0.45 0.5820000000000001 0.35 0.558 0.3147058828125 0.544 0.33823529375 0.516 0.3294117640625 0.466 0.405882353125 0.47800000000000004 0.4647058828125 0.58 0.5029411765625 0.604 0.45
2 0.45 0.3764705875 0.466 0.40294117656250006 0.5519999999999999 0.2647058828125 0.534 0.24117647031249997 0.532 0.24117647031249997 0.53 0.25588235312499996 0.524 0.2529411765625 0.45199999999999996 0.36176470625 0.45 0.3764705875
2 0.238 0.75 0.322 0.8205882359375 0.418 0.83823529375 0.512 0.8029411765625 0.572 0.7470588234375 0.628 0.6441176468750001 0.6519999999999999 0.5323529406249999 0.65 0.517647059375 0.622 0.5 0.61 0.505882353125 0.596 0.5970588234374999 0.5740000000000001 0.6529411765625001 0.5 0.7411764703125 0.42800000000000005 0.7735294125000001 0.34199999999999997 0.7705882359375 0.302 0.75 0.27799999999999997 0.7205882359375 0.26 0.682352940625 0.262 0.667647059375 0.25 0.6705882359374999 0.22000000000000003 0.6441176468750001 0.20400000000000001 0.567647059375 0.194 0.6147058828125 0.176 0.6176470593750001 0.20400000000000001 0.6970588234374999 0.238 0.75
2 0.562 0.667647059375 0.584 0.6264705875 0.596 0.582352940625 0.5820000000000001 0.5529411765625001 0.522 0.5352941171875 0.49800000000000005 0.517647059375 0.46799999999999997 0.517647059375 0.44800000000000006 0.55 0.46799999999999997 0.7088235296875001 0.48 0.7411764703125 0.512 0.7264705874999999 0.562 0.667647059375
2 0.522 0.5323529406249999 0.5980000000000001 0.5588235296875 0.604 0.5147058828125 0.48200000000000004 0.4705882359375 0.48 0.46764705937500006 0.466 0.4764705875 0.466 0.5088235296875 0.49800000000000005 0.5147058828125 0.522 0.5323529406249999
2 0.44000000000000006 0.767647059375 0.45199999999999996 0.7588235296875 0.45 0.767647059375 0.476 0.7529411765625 0.476 0.7411764703125 0.46399999999999997 0.7029411765625 0.442 0.5588235296875 0.434 0.55 0.434 0.5470588234375 0.422 0.555882353125 0.41 0.594117646875 0.44000000000000006 0.7294117640625 0.44000000000000006 0.767647059375
2 0.41600000000000004 0.7705882359375 0.43600000000000005 0.7529411765625 0.404 0.5705882359375 0.36 0.5588235296875 0.29 0.6794117640625 0.282 0.6970588234374999 0.286 0.7147058828125 0.344 0.7617647062499999 0.41600000000000004 0.7705882359375
2 0.298 0.6588235296875 0.296 0.65 0.348 0.5764705875 0.354 0.5588235296875 0.346 0.5411764703124999 0.33799999999999997 0.5470588234375 0.33399999999999996 0.5411764703124999 0.262 0.6588235296875 0.26 0.6735294125 0.272 0.705882353125 0.298 0.6588235296875
2 0.33199999999999996 0.4205882359375 0.21400000000000002 0.3794117640625 0.21200000000000002 0.3794117640625 0.20400000000000001 0.394117646875 0.21200000000000002 0.4264705875 0.32999999999999996 0.46176470625 0.33199999999999996 0.4205882359375
2 0.368 0.3647058828125 0.388 0.3529411765625 0.398 0.36176470625 0.36 0.17941176406249998 0.35 0.17941176406249998 0.33599999999999997 0.1911764703125 0.33599999999999997 0.21176470625000002 0.358 0.332352940625 0.368 0.3647058828125
2 0.196 0.6147058828125 0.20800000000000002 0.6058823531249999 0.196 0.48823529375 0.20600000000000002 0.3794117640625 0.256 0.23529411718749998 0.244 0.23823529375 0.23199999999999998 0.217647059375 0.20600000000000002 0.25588235312499996 0.178 0.32058823593749997 0.156 0.42941176406250003 0.16 0.5588235296875 0.172 0.6058823531249999 0.19 0.63823529375 0.196 0.6147058828125
2 0.366 0.3794117640625 0.35 0.2970588234375 0.318 0.3264705875 0.286 0.39117647031249997 0.284 0.40294117656250006 0.29 0.405882353125 0.34199999999999997 0.4147058828125 0.366 0.3794117640625
2 0.51 0.27647058750000003 0.496 0.267647059375 0.46399999999999997 0.2911764703125 0.438 0.25588235312499996 0.384 0.2705882359375 0.398 0.355882353125 0.42400000000000004 0.3705882359375 0.44000000000000006 0.3705882359375 0.51 0.27647058750000003
2 0.252 0.5970588234374999 0.266 0.63823529375 0.33599999999999997 0.5294117640625 0.32799999999999996 0.4705882359375 0.274 0.455882353125 0.292 0.5 0.25 0.5294117640625 0.256 0.5647058828125 0.252 0.5970588234374999