2 0.488980715625 0.700367646875 0.5303030296875 0.72426470625 0.5688705234375 0.7647058828125 0.6267217625 0.8106617640625 0.6404958671875 0.8106617640625 0.66528925625 0.7977941171875 0.676308540625 0.75551470625 0.8099173546875 0.59926470625 0.8126721765625 0.5863970593750001 0.735537190625 0.5202205875 0.720385675 0.4981617640625 0.49586776875 0.5955882359375 0.4421487609375 0.6268382359375 0.42975206562499996 0.6397058828125 0.4380165296875 0.6544117640625 0.4820936640625 0.6801470593750001 0.488980715625 0.700367646875
2 0.807162534375 0.9448529406249999 0.838842975 0.9264705875000001 0.845730028125 0.9136029406249999 0.8415977968749999 0.9025735296875 0.7727272734375 0.8419117640625 0.705234159375 0.7904411765625 0.5936639125000001 0.8731617640625 0.59779614375 0.9981617640625 0.72451790625 0.9981617640625 0.7809917359375 0.9448529406249999 0.807162534375 0.9448529406249999
2 0.7506887046874999 0.9852941171875 0.7465564734375 0.9981617640625 0.9504132234375 0.9981617640625 0.8650137734375001 0.9209558828125 0.7506887046874999 0.9852941171875
2 0.575757575 0.7959558828125 0.5426997250000001 0.7536764703125 0.531680440625 0.75 0.527548209375 0.7389705875 0.4931129484375 0.7261029406249999 0.4710743796875 0.7022058828125 0.4655647390625 0.6875 0.4393939390625 0.68198529375 0.417355371875 0.6875 0.3994490359375 0.7022058828125 0.3044077140625 0.8051470593750001 0.26721763125 0.8529411765624999 0.260330578125 0.875 0.26308539999999997 0.9981617640625 0.5909090906250001 0.99448529375 0.586776859375 0.8272058828125 0.575757575 0.7959558828125
2 0.4228650140625 0.6727941171875 0.42975206562499996 0.6580882359375 0.3719008265625 0.606617646875 0.3526170796875 0.6011029406249999 0.21487603281249998 0.7518382359375 0.2107438015625 0.7702205875 0.22314049531250002 0.7959558828125 0.2699724515625 0.8400735296875 0.4228650140625 0.6727941171875
2 0 0.5845588234375 0.044077134375 0.6176470593750001 0.044077134375 0.65625 0.031680440625 0.6580882359375 0.034435260937500003 0.7095588234375 0.090909090625 0.7113970593750001 0.0936639125 0.700367646875 0.146005509375 0.674632353125 0.3016528921875 0.5477941171875 0.3278236921875 0.5588235296875 0.3760330578125 0.6029411765625 0.404958678125 0.6158088234375 0.41184572968750005 0.6268382359375 0.4352617078125 0.6231617640625 0.4393939390625 0.6139705875 0.4779614328125 0.6011029406249999 0.4655647390625 0.5790441171875 0.43388429687499996 0.5514705875 0.0674931125 0.24632352968750001 0.015151515625 0.288602940625 0 0.3033088234375 0 0.5845588234375
2 0 0.299632353125 0.0647382921875 0.2408088234375 0.0013774109374999999 0.18198529375 0 0.299632353125
2 0.1129476578125 0 0.1129476578125 0.00551470625 0.13085399375 0.027573529687499997 0.154269971875 0.038602940625 0.17355371875 0.0625 0.19008264531250002 0.06801470625 0.2190082640625 0.1084558828125 0.2300275484375 0.1084558828125 0.2465564734375 0.14154411718749998 0.2741046828125 0.15073529375 0.2933884296875 0.18933823593750002 0.31129476562499997 0.18566176406249998 0.31818181874999996 0.20588235312499997 0.3140495875 0.22426470625 0.32093663906250003 0.22977941249999997 0.3292011015625 0.22426470625 0.34022038593750004 0.242647059375 0.3760330578125 0.2665441171875 0.4035812671875 0.2702205875 0.413223140625 0.25551470625 0.424242425 0.20404411718749998 0.2066115703125 0 0.1129476578125 0
2 0.8484848484375 0 0.6625344359375 0.1470588234375 0.6432506890624999 0.1470588234375 0.4490358125 0.2205882359375 0.451790634375 0.28492647031249996 0.48071625312500005 0.3143382359375 0.488980715625 0.336397059375 0.488980715625 0.3841911765625 0.5013774109375 0.3952205875 0.516528925 0.393382353125 0.523415978125 0.40257352968750004 0.52066115625 0.4080882359375 0.5330578515625 0.41176470624999995 0.5606060609375 0.4375 0.5771349859375 0.4356617640625 0.5909090906250001 0.4485294125 0.5964187328125 0.325367646875 0.621212121875 0.30698529375 0.6336088156249999 0.2794117640625 0.6418732781250001 0.2794117640625 0.6597796140625001 0.25367647031249996 0.7024793390624999 0.22977941249999997 0.7300275484375 0.20404411718749998 0.7396694218750001 0.2095588234375 0.7672176312500001 0.1875 0.7713498624999999 0.1911764703125 0.8016528921875 0.174632353125 0.838842975 0.1341911765625 0.8636363640625 0.1341911765625 0.878787878125 0.112132353125 0.898071625 0.1102941171875 0.904958678125 0.0919117640625 0.9311294765625 0.0827205875 0.9338842968750001 0.0716911765625 0.957300275 0.0533088234375 0.9655647390625001 0.055147059374999995 0.9986225890625 0.0202205875 0.9986225890625 0 0.8484848484375 0
2 0.3305785125 0.393382353125 0.353994490625 0.419117646875 0.400826446875 0.44301470624999995 0.4269972453125 0.4705882359375 0.4352617078125 0.46507352968750004 0.43663911874999994 0.4485294125 0.47933884375 0.4154411765625 0.48347107500000003 0.34742647031249996 0.455922865625 0.3216911765625 0.44628099218750006 0.2720588234375 0.44628099218750006 0.22426470625 0.4352617078125 0.18933823593750002 0.4104683203125 0.2702205875 0.3636363640625 0.27573529375 0.3374655640625 0.294117646875 0.34297520625 0.2959558828125 0.3484848484375 0.31801470625 0.3292011015625 0.33823529375 0.3305785125 0.393382353125
2 0.896694215625 0.7389705875 0.9146005515625 0.737132353125 0.9256198343750001 0.74448529375 0.9352617078125001 0.7738970593750001 0.9366391187499999 0.762867646875 0.94490358125 0.7610294125 0.9517906343750001 0.7738970593750001 0.9669421484375 0.7830882359375 0.9738292015625 0.80698529375 0.9862258953125 0.8014705875000001 0.9986225890625 0.8125 0.9986225890625 0.7352941171875 0.878787878125 0.63051470625 0.87741046875 0.6213235296875 0.8636363640625 0.6139705875 0.8415977968749999 0.5863970593750001 0.8333333328125001 0.5790441171875 0.81818181875 0.5790441171875 0.8126721765625 0.59926470625 0.794765840625 0.6213235296875 0.794765840625 0.6323529406249999 0.8126721765625 0.6452205875 0.8140495874999999 0.6544117640625 0.896694215625 0.7389705875
2 0.7933884296875 0.4889705875 0.8085399453125 0.4889705875 0.8140495874999999 0.4981617640625 0.8278236921875 0.49632352968750004 0.8842975203125001 0.44485294062499997 0.921487603125 0.4227941171875 0.9325068875 0.4227941171875 0.9462809921875 0.40257352968750004 0.9820936640625 0.3915441171875 0.9986225890625 0.37867647031249996 0.9986225890625 0.2977941171875 0.9628099171875 0.31617647031249996 0.7630854 0.4669117640625 0.735537190625 0.481617646875 0.735537190625 0.4889705875 0.7465564734375 0.4889705875 0.7782369140625 0.47610294062499997 0.7933884296875 0.4889705875
2 0.9986225890625 0.2904411765625 0.9986225890625 0.23897058750000003 0.9462809921875 0.20588235312499997 0.94077135 0.21323529375 0.9366391187499999 0.24632352968750001 0.9655647390625001 0.2794117640625 0.9931129484375001 0.294117646875 0.9986225890625 0.2904411765625
2 0.878787878125 0.174632353125 0.8636363640625 0.20404411718749998 0.8650137734375001 0.21507352968750001 0.8953168046875 0.2279411765625 0.9022038562500001 0.1838235296875 0.878787878125 0.174632353125