2 0.4233333328125 0.677257525 0.43777777812499996 0.6889632109375 0.462222221875 0.6923076921875 0.4733333328125 0.677257525 0.482222221875 0.64882943125 0.497777778125 0.6304347828125 0.50555555625 0.6337792640625 0.5166666671875 0.5117056859375 0.5166666671875 0.47324414687500005 0.5111111109375 0.4581939796875 0.47888888906249993 0.4581939796875 0.4588888890625 0.4498327765625 0.38555555625000004 0.4498327765625 0.37444444374999997 0.43645484999999995 0.37555555625000003 0.40802675624999996 0.3811111109375 0.3996655515625 0.37666666718749997 0.3913043484375 0.3533333328125 0.52842809375 0.352222221875 0.6070234109375 0.37 0.6304347828125 0.41555555625 0.6605351171875 0.4233333328125 0.677257525
2 0.42222222187499997 0.3428093640625 0.4233333328125 0.34949832812500004 0.47444444375000006 0.346153846875 0.49888888906249995 0.3695652171875 0.5088888890625001 0.4197324421875 0.51555555625 0.4197324421875 0.5166666671875 0.41137123750000004 0.5111111109375 0.3729096984375 0.5111111109375 0.35785953125000003 0.5166666671875 0.35117056875 0.587777778125 0.35785953125000003 0.5988888890624999 0.387959865625 0.607777778125 0.39464882968750004 0.6111111109375 0.381270903125 0.6033333328125 0.3645484953125 0.57555555625 0.3361204015625 0.5233333328125 0.321070234375 0.4311111109375 0.317725753125 0.41 0.322742475 0.38777777812499997 0.3394648828125 0.38444444375 0.35117056875 0.3933333328125 0.34949832812500004 0.39555555625 0.3428093640625 0.42222222187499997 0.3428093640625
2 0.41444444375 0.3361204015625 0.46444444375 0.33444816093749996 0.46666666718750005 0.3294314375 0.4266666671875 0.3294314375 0.4233333328125 0.321070234375 0.412222221875 0.321070234375 0.3888888890625 0.33444816093749996 0.37666666718749997 0.3662207359375 0.367777778125 0.434782609375 0.367777778125 0.4548494984375 0.38333333281250004 0.4498327765625 0.39555555625 0.352842809375 0.41444444375 0.3361204015625
2 0.5088888890625001 0.6688963203125 0.52 0.678929765625 0.5255555562499999 0.618729096875 0.5355555562500001 0.5819398 0.5477777781250001 0.5819398 0.55444444375 0.5602006687500001 0.56555555625 0.5484949828125 0.6 0.5351170562500001 0.60555555625 0.501672240625 0.5988888890624999 0.4866220734375 0.58444444375 0.476588628125 0.5477777781250001 0.4782608703125 0.5411111109375 0.45652173906250004 0.5266666671875 0.43979933125 0.5266666671875 0.416387959375 0.5166666671875 0.3979933109375 0.5088888890625001 0.35785953125000003 0.5011111109375 0.359531771875 0.5166666671875 0.44648829375 0.5166666671875 0.558528428125 0.5088888890625001 0.6688963203125
2 0.68555555625 0.821070234375 0.6911111109375 0.799331103125 0.6900000000000001 0.757525084375 0.6833333328125 0.7240802671875 0.6766666671875 0.71237458125 0.662222221875 0.707357859375 0.6455555562499999 0.7157190640625 0.622222221875 0.7558528421874999 0.622222221875 0.78762541875 0.6266666671875 0.8026755859374999 0.652222221875 0.82608695625 0.68555555625 0.821070234375
2 0.9044444437499999 0.7759197328125 0.91555555625 0.767558528125 0.922222221875 0.7508361203125 0.922222221875 0.7224080265625 0.912222221875 0.7140468234374999 0.85555555625 0.7274247484374999 0.79 0.7240802671875 0.7855555562500001 0.729096990625 0.7833333328125 0.7792642140625 0.7888888890625 0.78762541875 0.8744444437500001 0.7859531765625001 0.9044444437499999 0.7759197328125
2 0.7788888890625 0.50334448125 0.7933333328125001 0.5167224078125 0.7966666671875 0.5100334453125 0.792222221875 0.494983278125 0.7988888890625 0.4749163875 0.8055555562500001 0.469899665625 0.8 0.4615384609375 0.76444444375 0.44648829375 0.68555555625 0.4264214046875 0.6333333328124999 0.438127090625 0.63444444375 0.4498327765625 0.627777778125 0.469899665625 0.74555555625 0.4899665546875 0.7788888890625 0.50334448125
2 0.3411111109375 0.73745819375 0.342222221875 0.7173913046875 0.35111111093749997 0.7107023406249999 0.3633333328125 0.71237458125 0.36444444374999996 0.7190635453125 0.367777778125 0.7157190640625 0.367777778125 0.70568561875 0.3588888890625 0.6989966562500001 0.34444444375 0.6555183953125 0.342222221875 0.6287625421875 0.22777777812500002 0.613712375 0.21888888906249998 0.615384615625 0.207777778125 0.6304347828125 0.19 0.6287625421875 0.1766666671875 0.61036789375 0.1666666671875 0.6070234109375 0.061111110937500004 0.6254180609375 0.0633333328125 0.64548495 0.11777777812500001 0.700668896875 0.3333333328125 0.739130434375 0.3411111109375 0.73745819375
2 0.51555555625 0.7558528421874999 0.5133333328125 0.7341137125 0.34444444375 0.73076923125 0.34555555625 0.7474916390625 0.4533333328125 0.7658862875 0.5133333328125 0.764214046875 0.51555555625 0.7558528421874999
2 0.52444444375 0.7341137125 0.52444444375 0.7491638796875 0.5333333328125 0.7491638796875 0.53444444375 0.735785953125 0.52444444375 0.7341137125
2 0.587777778125 0.6287625421875 0.5700000000000001 0.6304347828125 0.567777778125 0.6354515046875 0.5766666671875 0.6505016718750001 0.5933333328125 0.6337792640625 0.587777778125 0.6287625421875
2 0.61 0.40802675624999996 0.6288888890625 0.41137123750000004 0.607777778125 0.40301003281250003 0.55444444375 0.40301003281250003 0.54444444375 0.4297658859375 0.5433333328125001 0.4498327765625 0.5511111109375 0.43979933125 0.56444444375 0.441471571875 0.61 0.40802675624999996