2 0.58444444375 0.6605351171875 0.63 0.6304347828125 0.647777778125 0.6070234109375 0.6466666671875 0.52842809375 0.6233333328125 0.3913043484375 0.6188888890625 0.3996655515625 0.6244444437500001 0.40802675624999996 0.6255555562499999 0.43645484999999995 0.61444444375 0.4498327765625 0.5411111109375 0.4498327765625 0.5211111109375001 0.4581939796875 0.4888888890625 0.4581939796875 0.48333333281249996 0.47324414687500005 0.48333333281249996 0.5117056859375 0.49444444374999996 0.6337792640625 0.502222221875 0.6304347828125 0.5177777781249999 0.64882943125 0.5266666671875 0.677257525 0.5377777781249999 0.6923076921875 0.562222221875 0.6889632109375 0.5766666671875 0.677257525 0.58444444375 0.6605351171875
2 0.6044444437500001 0.3428093640625 0.6066666671875 0.34949832812500004 0.61555555625 0.35117056875 0.612222221875 0.3394648828125 0.5900000000000001 0.322742475 0.5688888890625 0.317725753125 0.4766666671875 0.321070234375 0.42444444375 0.3361204015625 0.3966666671875 0.3645484953125 0.3888888890625 0.381270903125 0.392222221875 0.39464882968750004 0.4011111109375 0.387959865625 0.412222221875 0.35785953125000003 0.48333333281249996 0.35117056875 0.4888888890625 0.35785953125000003 0.4888888890625 0.3729096984375 0.48333333281249996 0.41137123750000004 0.48444444375 0.4197324421875 0.4911111109375 0.4197324421875 0.5011111109375 0.3695652171875 0.5255555562499999 0.346153846875 0.5766666671875 0.34949832812500004 0.577777778125 0.3428093640625 0.6044444437500001 0.3428093640625
2 0.6044444437500001 0.352842809375 0.6166666671875001 0.4498327765625 0.632222221875 0.4548494984375 0.632222221875 0.434782609375 0.6233333328125 0.3662207359375 0.6111111109375 0.33444816093749996 0.587777778125 0.321070234375 0.5766666671875 0.321070234375 0.5733333328125 0.3294314375 0.5333333328125 0.3294314375 0.5355555562500001 0.33444816093749996 0.58555555625 0.3361204015625 0.6044444437500001 0.352842809375
2 0.48333333281249996 0.558528428125 0.48333333281249996 0.44648829375 0.49888888906249995 0.359531771875 0.4911111109375 0.35785953125000003 0.48333333281249996 0.3979933109375 0.4733333328125 0.416387959375 0.4733333328125 0.43979933125 0.4588888890625 0.45652173906250004 0.45222222187499994 0.4782608703125 0.41555555625 0.476588628125 0.4011111109375 0.4866220734375 0.39444444375 0.501672240625 0.4 0.5351170562500001 0.43444444375 0.5484949828125 0.44555555625 0.5602006687500001 0.45222222187499994 0.5819398 0.46444444375 0.5819398 0.47444444375000006 0.618729096875 0.48 0.678929765625 0.4911111109375 0.6688963203125 0.48333333281249996 0.558528428125
2 0.347777778125 0.82608695625 0.37333333281250003 0.8026755859374999 0.377777778125 0.78762541875 0.377777778125 0.7558528421874999 0.35444444375 0.7157190640625 0.337777778125 0.707357859375 0.3233333328125 0.71237458125 0.3166666671875 0.7240802671875 0.31 0.757525084375 0.3088888890625 0.799331103125 0.31444444374999997 0.821070234375 0.347777778125 0.82608695625
2 0.12555555625 0.7859531765625001 0.21111111093749999 0.78762541875 0.2166666671875 0.7792642140625 0.21444444375 0.729096990625 0.21000000000000002 0.7240802671875 0.14444444375 0.7274247484374999 0.08777777812500001 0.7140468234374999 0.077777778125 0.7224080265625 0.077777778125 0.7508361203125 0.08444444375 0.767558528125 0.09555555624999999 0.7759197328125 0.12555555625 0.7859531765625001
2 0.25444444375 0.4899665546875 0.372222221875 0.469899665625 0.36555555625 0.4498327765625 0.36666666718749996 0.438127090625 0.31444444374999997 0.4264214046875 0.23555555625000002 0.44648829375 0.2 0.4615384609375 0.19444444375 0.469899665625 0.20111111093749998 0.4749163875 0.207777778125 0.494983278125 0.2033333328125 0.5100334453125 0.2066666671875 0.5167224078125 0.2211111109375 0.50334448125 0.25444444375 0.4899665546875
2 0.6666666671875 0.739130434375 0.882222221875 0.700668896875 0.9366666671875 0.64548495 0.9388888890624999 0.6254180609375 0.8333333328125001 0.6070234109375 0.8233333328124999 0.61036789375 0.8099999999999999 0.6287625421875 0.792222221875 0.6304347828125 0.7811111109375 0.615384615625 0.772222221875 0.613712375 0.657777778125 0.6287625421875 0.6555555562500001 0.6555183953125 0.6411111109375 0.6989966562500001 0.632222221875 0.70568561875 0.632222221875 0.7157190640625 0.63555555625 0.7190635453125 0.6366666671875 0.71237458125 0.6488888890625 0.7107023406249999 0.657777778125 0.7173913046875 0.6588888890625 0.73745819375 0.6666666671875 0.739130434375
2 0.48666666718749996 0.764214046875 0.5466666671875 0.7658862875 0.65444444375 0.7474916390625 0.6555555562500001 0.73076923125 0.48666666718749996 0.7341137125 0.48444444375 0.7558528421874999 0.48666666718749996 0.764214046875
2 0.46555555625 0.735785953125 0.46666666718750005 0.7491638796875 0.47555555624999996 0.7491638796875 0.47555555624999996 0.7341137125 0.46555555625 0.735785953125
2 0.4066666671875 0.6337792640625 0.4233333328125 0.6505016718750001 0.43222222187500003 0.6354515046875 0.43 0.6304347828125 0.412222221875 0.6287625421875 0.4066666671875 0.6337792640625
2 0.43555555625000003 0.441471571875 0.44888888906249996 0.43979933125 0.4566666671875 0.4498327765625 0.45555555625000005 0.4297658859375 0.44555555625 0.40301003281250003 0.392222221875 0.40301003281250003 0.3711111109375 0.41137123750000004 0.39 0.40802675624999996 0.43555555625000003 0.441471571875