2 0.2133333328125 0 0.21000000000000002 0.013333332812500001 0.2033333328125 0.017777778124999997 0.2 0.04 0.19 0.0533333328125 0.1833333328125 0.0533333328125 0.1766666671875 0.0666666671875 0.1566666671875 0.08 0.16 0.08444444375 0.16 0.137777778125 0.1766666671875 0.17333333281250002 0.1833333328125 0.177777778125 0.1866666671875 0.1911111109375 0.1933333328125 0.19555555625 0.2 0.19555555625 0.22999999999999998 0.12444444375 0.23333333281250002 0.1066666671875 0.24333333281249997 0.0933333328125 0.24666666718750002 0.0488888890625 0.2533333328125 0.0311111109375 0.25 0.017777778124999997 0.24333333281249997 0 0.2133333328125 0
2 0.1166666671875 0.12 0.13333333281249998 0.12 0.1366666671875 0.0888888890625 0.13333333281249998 0.08444444375 0.1266666671875 0.08 0.1166666671875 0.0888888890625 0.09 0.0888888890625 0.06 0.102222221875 0.0366666671875 0.1288888890625 0.0366666671875 0.137777778125 0.04 0.137777778125 0.0566666671875 0.15555555625 0.06999999999999999 0.15555555625 0.0733333328125 0.16444444375 0.09 0.16444444375 0.09 0.15111111093750001 0.1166666671875 0.12
2 0.11000000000000001 0 0.1 0.0266666671875 0.10333333281249998 0.035555556249999995 0.1066666671875 0.035555556249999995 0.12 0.0488888890625 0.1266666671875 0.0488888890625 0.14666666718750002 0.0311111109375 0.15 0.022222221875 0.1566666671875 0.017777778124999997 0.1566666671875 0 0.11000000000000001 0
2 0.4033333328125 0 0.37666666718749997 0.08 0.38 0.0933333328125 0.39 0.1066666671875 0.3966666671875 0.102222221875 0.4066666671875 0.102222221875 0.41 0.1066666671875 0.4233333328125 0.1066666671875 0.43 0.102222221875 0.43333333281249997 0.08444444375 0.43 0.035555556249999995 0.4266666671875 0.022222221875 0.4266666671875 0 0.4033333328125 0
2 0.43333333281249997 0.257777778125 0.9566666671874999 0.3111111109375 0.9766666671875001 0.29333333281249996 0.97 0.2533333328125 0.8933333328125 0.2488888890625 0.8733333328124999 0.27999999999999997 0.8466666671875 0.27999999999999997 0.8033333328125 0.24444444375000002 0.73 0.24444444375000002 0.6666666671875 0.27555555625 0.6466666671875 0.2488888890625 0.5533333328125 0.20888888906249997 0.5466666671875 0.1866666671875 0.45999999999999996 0.2133333328125 0.43 0.24 0.43333333281249997 0.257777778125
2 0.8633333328124999 0 0.8666666671875 0.022222221875 0.8866666671875001 0.035555556249999995 0.9199999999999999 0.035555556249999995 0.9366666671875 0.0666666671875 0.9366666671875 0.1111111109375 0.93 0.1111111109375 0.9266666671875001 0.15111111093750001 0.95 0.1911111109375 0.9533333328125 0.222222221875 0.9633333328125 0.2266666671875 0.9733333328124999 0.24444444375000002 0.9800000000000001 0.29333333281249996 1 0.3066666671875 1 0 0.8633333328124999 0
2 0.85 0.057777778125 0.85 0.0488888890625 0.8400000000000001 0.04 0.8366666671875 0.0311111109375 0.8333333328125001 0.0311111109375 0.8233333328124999 0.017777778124999997 0.8066666671875 0.017777778124999997 0.7966666671875 0.0311111109375 0.7933333328125001 0.0666666671875 0.7966666671875 0.0666666671875 0.8033333328125 0.07555555625 0.8099999999999999 0.07555555625 0.8433333328125 0.0666666671875 0.85 0.057777778125
2 0.75 0 0.76 0.0311111109375 0.77 0.0488888890625 0.77 0.0311111109375 0.7733333328125 0.0266666671875 0.78 0 0.75 0
2 0.67 0.057777778125 0.6633333328125001 0.0488888890625 0.6633333328125001 0.0266666671875 0.6666666671875 0.017777778124999997 0.6633333328125001 0.013333332812500001 0.6533333328125 0.013333332812500001 0.6566666671875 0.0488888890625 0.64 0.097777778125 0.64 0.1066666671875 0.6599999999999999 0.142222221875 0.67 0.15111111093750001 0.67 0.15555555625 0.7033333328125 0.12444444375 0.71 0.097777778125 0.7033333328125 0.0888888890625 0.6966666671875 0.0888888890625 0.6833333328125 0.07555555625 0.6833333328125 0.0711111109375 0.6799999999999999 0.0711111109375 0.6733333328125 0.062222221875 0.6733333328125 0.057777778125 0.67 0.057777778125
2 0.7633333328125 0.17333333281250002 0.7833333328125 0.20444444375 0.8133333328125 0.16444444375 0.8099999999999999 0.142222221875 0.77 0.142222221875 0.7666666671875 0.14666666718750002 0.7633333328125 0.15555555625 0.7633333328125 0.17333333281250002
2 0.8800000000000001 0.20888888906249997 0.8833333328125 0.20444444375 0.8833333328125 0.19555555625 0.8800000000000001 0.1866666671875 0.8733333328124999 0.177777778125 0.86 0.17333333281250002 0.8566666671875 0.177777778125 0.8566666671875 0.19555555625 0.86 0.20888888906249997 0.8733333328124999 0.2133333328125 0.8800000000000001 0.20888888906249997
2 0.3633333328125 0 0.3633333328125 0.008888889062499999 0.37666666718749997 0.0311111109375 0.3866666671875 0.0311111109375 0.39 0.0266666671875 0.4 0.0266666671875 0.4033333328125 0.022222221875 0.41 0 0.3633333328125 0
2 0.27999999999999997 0 0.27999999999999997 0.004444443750000001 0.2666666671875 0.022222221875 0.2666666671875 0.04444444375 0.2733333328125 0.0488888890625 0.29333333281249996 0.035555556249999995 0.2966666671875 0.04444444375 0.3066666671875 0.04444444375 0.31 0.035555556249999995 0.3166666671875 0.035555556249999995 0.3266666671875 0.0488888890625 0.32999999999999996 0.0488888890625 0.3366666671875 0.04 0.3466666671875 0.013333332812500001 0.3433333328125 0.004444443750000001 0.33999999999999997 0 0.27999999999999997 0
2 0.27999999999999997 0.1688888890625 0.30333333281249997 0.137777778125 0.3066666671875 0.102222221875 0.30333333281249997 0.097777778125 0.29333333281249996 0.097777778125 0.2833333328125 0.1066666671875 0.2633333328125 0.1066666671875 0.26 0.102222221875 0.25666666718750003 0.1066666671875 0.25666666718750003 0.1288888890625 0.2533333328125 0.13333333281249998 0.26 0.15555555625 0.27 0.1688888890625 0.27 0.17333333281250002 0.27999999999999997 0.1688888890625
2 0.8099999999999999 0.9066666671875 0.8099999999999999 0.8755555562499999 0.82 0.8222222218749999 0.8166666671874999 0.7911111109375 0.8 0.782222221875 0.7766666671875 0.737777778125 0.7766666671875 0.72 0.7633333328125 0.7066666671874999 0.7533333328125 0.7111111109375 0.7266666671875 0.742222221875 0.7133333328125 0.7511111109375 0.6900000000000001 0.75555555625 0.6733333328125 0.7688888890625 0.6666666671875 0.782222221875 0.6666666671875 0.8044444437499999 0.6933333328125 0.8400000000000001 0.7166666671875 0.8488888890625 0.7166666671875 0.8888888890625 0.74 0.9199999999999999 0.7866666671875 0.92444444375 0.8066666671875 0.91555555625 0.8099999999999999 0.9066666671875
2 0.7733333328125 0.64444444375 0.7733333328125 0.63555555625 0.7866666671875 0.617777778125 0.7833333328125 0.5511111109375 0.77 0.542222221875 0.7633333328125 0.5511111109375 0.7533333328125 0.5555555562500001 0.7533333328125 0.5599999999999999 0.7433333328125 0.56444444375 0.7366666671875 0.5733333328125 0.7333333328125 0.5866666671874999 0.7333333328125 0.622222221875 0.7066666671874999 0.64 0.6966666671875 0.6533333328125 0.6966666671875 0.6666666671875 0.71 0.6977777781250001 0.7166666671875 0.7022222218749999 0.7333333328125 0.7022222218749999 0.7366666671875 0.6977777781250001 0.75 0.6977777781250001 0.7533333328125 0.6711111109375001 0.78 0.657777778125 0.78 0.6488888890625 0.7733333328125 0.64444444375
2 0.7866666671875 0.48 0.8033333328125 0.46666666718750005 0.8033333328125 0.4533333328125 0.8 0.44888888906249996 0.7833333328125 0.44000000000000006 0.7633333328125 0.44444444375 0.7566666671875 0.457777778125 0.7566666671875 0.47555555624999996 0.7633333328125 0.48444444375 0.7766666671875 0.48444444375 0.7866666671875 0.48
2 0.8866666671875001 0.47555555624999996 0.8933333328125 0.4711111109375 0.8933333328125 0.44000000000000006 0.8866666671875001 0.4311111109375 0.8766666671875001 0.4266666671875 0.8733333328124999 0.4311111109375 0.8633333328124999 0.4311111109375 0.8533333328125 0.44444444375 0.8566666671875 0.457777778125 0.8699999999999999 0.4711111109375 0.8833333328125 0.4711111109375 0.8866666671875001 0.47555555624999996
2 0.8833333328125 0.657777778125 0.8866666671875001 0.6488888890625 0.8866666671875001 0.63555555625 0.8633333328124999 0.63555555625 0.8566666671875 0.64 0.8566666671875 0.657777778125 0.8733333328124999 0.6666666671875 0.8833333328125 0.657777778125
2 0.8466666671875 0.7688888890625 0.86 0.76 0.8633333328124999 0.742222221875 0.86 0.7288888890624999 0.85 0.71555555625 0.8400000000000001 0.71555555625 0.8266666671875 0.7244444437500001 0.8166666671874999 0.742222221875 0.8366666671875 0.7733333328125 0.8466666671875 0.7733333328125 0.8466666671875 0.7688888890625
2 0.5 0.5466666671875 0.5033333328125 0.5333333328125 0.5066666671875 0.5333333328125 0.43333333281249997 0.41777777812499994 0.41 0.40444444375 0.36666666718749996 0.36444444374999996 0.3366666671875 0.36444444374999996 0.35 0.3866666671875 0.3866666671875 0.41333333281250006 0.39 0.4266666671875 0.4066666671875 0.42222222187499997 0.4166666671875 0.4311111109375 0.4233333328125 0.44888888906249996 0.43 0.44888888906249996 0.44333333281250004 0.46666666718750005 0.45 0.4888888890625 0.47000000000000003 0.51555555625 0.4733333328125 0.5511111109375 0.5 0.5466666671875
2 0.48666666718749996 0.15555555625 0.4933333328125 0.15111111093750001 0.4966666671875 0.142222221875 0.4933333328125 0.12444444375 0.4766666671875 0.1066666671875 0.46666666718750005 0.12444444375 0.46666666718750005 0.13333333281249998 0.4733333328125 0.137777778125 0.48666666718749996 0.15555555625
2 0.4533333328125 0.137777778125 0.4533333328125 0.12 0.45 0.12 0.44333333281250004 0.1111111109375 0.43 0.1066666671875 0.42000000000000004 0.11555555625 0.4233333328125 0.1288888890625 0.43666666718749997 0.14666666718750002 0.44000000000000006 0.142222221875 0.45 0.142222221875 0.4533333328125 0.137777778125
2 0.2866666671875 0.75555555625 0.30333333281249997 0.76 0.31 0.7511111109375 0.3066666671875 0.7288888890624999 0.2866666671875 0.72 0.27 0.72 0.2633333328125 0.737777778125 0.2633333328125 0.75555555625 0.27 0.76444444375 0.2766666671875 0.76444444375 0.2866666671875 0.75555555625
2 0.6766666671875 0.63555555625 0.6799999999999999 0.63555555625 0.6799999999999999 0.6133333328125 0.6766666671875 0.6044444437500001 0.65 0.6044444437500001 0.6466666671875 0.6088888890625 0.6333333328124999 0.6088888890625 0.6266666671875 0.6266666671875 0.6366666671875 0.64 0.6599999999999999 0.6488888890625 0.67 0.64444444375 0.6766666671875 0.63555555625