2 0.7229166671875 0.203773584375 0.7104166671875001 0.150943396875 0.6770833328125 0.105660378125 0.5666666671875 0.086792453125 0.5645833328125 0.086792453125 0.36875 0.0905660375 0.3791666671875 0.0905660375 0.3916666671875 0.11320754687500001 0.3895833328125 0.1396226421875 0.32083333281250004 0.16226415156250001 0.3083333328125 0.181132075 0.3333333328125 0.21509433906250003 0.3291666671875 0.2339622640625 0.3541666671875 0.2377358484375 0.3958333328125 0.2 0.425 0.2113207546875 0.43541666718750005 0.2 0.44166666718750003 0.2113207546875 0.45208333281249996 0.2 0.46875 0.20754717031249997 0.4770833328125 0.1849056609375 0.46875 0.1433962265625 0.5020833328125 0.1396226421875 0.5125 0.15471698125 0.5166666671875 0.181132075 0.5333333328125 0.203773584375 0.56875 0.20754717031249997 0.5729166671875 0.28301886718749997 0.5916666671875 0.30188679218750003 0.5916666671875 0.3245283015625 0.5979166671875 0.313207546875 0.5958333328125 0.28301886718749997 0.6041666671875 0.2981132078125 0.6229166671875 0.286792453125 0.6375 0.305660378125 0.65 0.35471698125 0.65625 0.35849056562500003 0.65625 0.3433962265625 0.6833333328125 0.3433962265625 0.69375 0.3660377359375 0.7 0.35849056562500003 0.7041666671875 0.403773584375 0.7125 0.403773584375 0.7354166671875 0.449056603125 0.7375 0.48679245312499997 0.7625 0.5169811328125 0.76875 0.5396226421875 0.7729166671875001 0.441509434375 0.7666666671875 0.45283018906250005 0.7604166671875 0.441509434375 0.76875 0.4150943390625 0.7645833328125 0.3849056609375 0.7708333328125 0.377358490625 0.7625 0.3660377359375 0.7666666671875 0.3207547171875 0.7520833328125 0.2566037734375 0.7229166671875 0.203773584375
2 0.2666666671875 0.1660377359375 0.3395833328125 0.1396226421875 0.36666666718749996 0.1169811328125 0.3395833328125 0.1094339625 0.3270833328125 0.1094339625 0.27291666718749996 0.12452830156250001 0.24375 0.15471698125 0.2666666671875 0.1660377359375
2 0.3145833328125 0.2339622640625 0.3104166671875 0.21509433906250003 0.2979166671875 0.21509433906250003 0.2958333328125 0.1886792453125 0.2916666671875 0.1886792453125 0.2875 0.2 0.29375 0.2 0.29375 0.2113207546875 0.2875 0.20754717031249997 0.2770833328125 0.22641509375000002 0.25 0.241509434375 0.24375 0.36226415156249997 0.24583333281250003 0.422641509375 0.25625 0.441509434375 0.2645833328125 0.43396226406249994 0.2854166671875 0.44528301875 0.3229166671875 0.4301886796875 0.3395833328125 0.3886792453125 0.3645833328125 0.381132075 0.3875 0.3433962265625 0.41875 0.3283018875 0.43333333281249997 0.2792452828125 0.45 0.2566037734375 0.4375 0.2377358484375 0.4375 0.218867925 0.41041666718750003 0.218867925 0.40625 0.20754717031249997 0.35 0.2377358484375 0.33541666718749996 0.222641509375 0.3145833328125 0.2339622640625
2 0.0333333328125 0.8339622640625001 0.060416667187499995 0.8377358484374999 0.0625 0.8226415093749999 0.0395833328125 0.7849056609375 0.0375 0.7849056609375 0.0333333328125 0.8339622640625001
2 0.25 0.849056603125 0.22916666718749998 0.8528301890625001 0.1166666671875 0.841509434375 0.0916666671875 0.82641509375 0.0895833328125 0.8301886796875 0.0791666671875 0.8301886796875 0.08125 0.84528301875 0.0979166671875 0.8566037734374999 0.1666666671875 0.8603773578125 0.1729166671875 0.8716981125000001 0.21875 0.8716981125000001 0.23333333281250002 0.8566037734374999 0.2645833328125 0.8603773578125 0.2666666671875 0.8754716984375 0.30416666718749996 0.8867924531250001 0.30625 0.8716981125000001 0.30416666718749996 0.8566037734374999 0.2541666671875 0.84528301875 0.2645833328125 0.8301886796875 0.25 0.8301886796875 0.25 0.849056603125
2 0.4875 0.8981132078125 0.5083333328124999 0.8830188671875 0.6583333328125 0.8716981125000001 0.6520833328125 0.8528301890625001 0.6375 0.8528301890625001 0.38125 0.8716981125000001 0.3854166671875 0.8867924531250001 0.4 0.8867924531250001 0.39791666718749996 0.8754716984375 0.40625 0.8716981125000001 0.4166666671875 0.8830188671875 0.40833333281249995 0.8867924531250001 0.4875 0.8981132078125
2 0.84375 0.84528301875 0.9229166671875 0.8226415093749999 0.9520833328125 0.8 0.9458333328125 0.75471698125 0.9375 0.75471698125 0.9291666671875 0.777358490625 0.9104166671874999 0.7924528296875 0.825 0.8188679249999999 0.7875 0.8226415093749999 0.78125 0.8037735843749999 0.75625 0.8 0.7354166671875 0.8075471703125 0.73125 0.8528301890625001 0.7979166671875 0.8528301890625001 0.825 0.8377358484374999 0.84375 0.84528301875
2 0.28125 0.849056603125 0.28125 0.82641509375 0.26875 0.82641509375 0.2645833328125 0.8150943390625001 0.2625 0.8188679249999999 0.2104166671875 0.8150943390625001 0.20416666718749998 0.8188679249999999 0.20208333281250002 0.841509434375 0.2645833328125 0.8566037734374999 0.2875 0.849056603125 0.28125 0.849056603125
2 0.3645833328125 0.796226415625 0.3708333328125 0.777358490625 0.36666666718749996 0.7584905656250001 0.3395833328125 0.7283018875 0.3333333328125 0.7283018875 0.32083333281250004 0.7396226421875001 0.3083333328125 0.777358490625 0.3645833328125 0.796226415625
2 0.8 0.6037735843750001 0.7916666671875 0.577358490625 0.7958333328125 0.57358490625 0.78125 0.55471698125 0.7770833328125 0.55471698125 0.78125 0.6150943390625 0.775 0.62641509375 0.7895833328124999 0.62641509375 0.8 0.6037735843750001
2 0.5145833328125 0.403773584375 0.5208333328125 0.44528301875 0.5354166671875 0.43396226406249994 0.5333333328125 0.3924528296875 0.525 0.3924528296875 0.5145833328125 0.403773584375
2 0.5020833328125 0.27547169843749997 0.5083333328124999 0.2792452828125 0.5208333328125 0.21509433906250003 0.5020833328125 0.196226415625 0.5 0.2 0.49375 0.222641509375 0.5020833328125 0.27547169843749997
2 0.5916666671875 0.7471698109375 0.5958333328125 0.7849056609375 0.6083333328125 0.781132075 0.6041666671875 0.73584905625 0.6 0.73584905625 0.5916666671875 0.7471698109375
2 0.2166666671875 0.62641509375 0.23333333281250002 0.641509434375 0.23958333281250002 0.641509434375 0.2416666671875 0.577358490625 0.23541666718749998 0.577358490625 0.2166666671875 0.62641509375
2 0.7583333328124999 0.7245283015624999 0.775 0.7169811328125 0.7770833328125 0.686792453125 0.7708333328125 0.66415094375 0.7666666671875 0.66415094375 0.7479166671875 0.6981132078125001 0.7583333328124999 0.7245283015624999