2 0.7 0.7429906546875 0.7087719296875 0.766355140625 0.696491228125 0.7850467296875 0.6596491234374999 0.7850467296875 0.631578946875 0.8200934578125001 0.8561403515625001 0.792056075 0.9298245609375 0.7733644859375 0.924561403125 0.754672896875 0.8982456140625 0.7476635515625001 0.8929824562500001 0.733644859375 0.8543859656249999 0.7266355140625 0.8526315796875 0.69859813125 0.8421052625 0.69859813125 0.82105263125 0.6752336453125001 0.810526315625 0.6752336453125001 0.7912280703125 0.693925234375 0.7947368421875 0.7149532703125 0.7192982453125001 0.7289719625 0.7 0.7429906546875
2 0.5912280703125 0.8177570093750001 0.59298245625 0.8060747656249999 0.5877192984375 0.796728971875 0.5315789468750001 0.7990654203124999 0.5105263156250001 0.787383178125 0.49473684218749997 0.7616822437499999 0.46666666718750005 0.7570093453125 0.44912280625 0.775700934375 0.45438596562500005 0.8364485984375 0.5543859656250001 0.8294392515625001 0.5912280703125 0.8177570093750001
2 0.32631578906250003 0.8621495328125001 0.4298245609375 0.8504672890625 0.44561403437499997 0.8247663546874999 0.44561403437499997 0.8154205609374999 0.44035087656250005 0.8084112156250001 0.41578947343749995 0.8060747656249999 0.37894736875 0.8341121499999999 0.3421052625 0.8411214953125 0.3298245609375 0.8504672890625 0.32631578906250003 0.8621495328125001
2 0.275438596875 0.873831775 0.275438596875 0.8107476640625 0.2701754390625 0.7897196265625 0.2596491234375 0.7990654203124999 0.23333333281250002 0.8037383171875 0.2052631578125 0.787383178125 0.15263157968750002 0.7850467296875 0.14385964843750002 0.7943925234375 0.0947368421875 0.7850467296875 0.0947368421875 0.8084112156250001 0.1087719296875 0.8200934578125001 0.2263157890625 0.86448598125 0.275438596875 0.873831775
2 0.11403508749999999 0.6214953265625 0.1298245609375 0.588785046875 0.1421052625 0.53037383125 0.1368421046875 0.5140186921875001 0.11578947343749998 0.5070093453125 0.1087719296875 0.5140186921875001 0.1017543859375 0.5443925234375 0.1052631578125 0.6588785046875001 0.11403508749999999 0.6214953265625
2 0.21578947343750002 0.7009345796875001 0.21578947343750002 0.71962616875 0.23157894687499997 0.7172897203125 0.24035087656249998 0.7383177562500001 0.2526315796875 0.712616821875 0.25087719375 0.6799065421875 0.24210526250000003 0.661214953125 0.24912280625 0.6074766359375 0.245614034375 0.5841121499999999 0.23157894687499997 0.5771028031250001 0.22982456093749998 0.6168224296875 0.22105263125 0.6542056078125 0.22280701718749998 0.6962616828125 0.21578947343750002 0.7009345796875001
2 0.5561403515625 0.390186915625 0.5263157890625 0.401869159375 0.4 0.3971962609375 0.389473684375 0.3831775703125 0.3877192984375 0.36448598125 0.410526315625 0.3528037390625 0.3701754390625 0.34345794375 0.33859649062499997 0.3528037390625 0.2877192984375 0.3528037390625 0.21578947343750002 0.36448598125 0.20701754375 0.3668224296875 0.20701754375 0.37616822499999997 0.21578947343750002 0.3925233640625 0.24385964843750002 0.41588785 0.27894736875000004 0.422897196875 0.289473684375 0.43457943906249996 0.32105263125 0.443925234375 0.503508771875 0.443925234375 0.50701754375 0.43925233593749996 0.48596491249999996 0.4299065421875 0.517543859375 0.40887850468750003 0.5473684203125 0.41588785 0.63508771875 0.40420560781250003 0.6807017546874999 0.3925233640625 0.6982456140625 0.3785046734375 0.6771929828125 0.3551401875 0.6789473687500001 0.3411214953125 0.6561403515625 0.338785046875 0.65087719375 0.3457943921875 0.6543859656250001 0.36915887812500003 0.6473684203125 0.38084112187499997 0.5561403515625 0.390186915625
2 0.8192982453125 0.443925234375 0.8122807015625 0.453271028125 0.7526315796875 0.45093457968750006 0.7368421046875 0.44158878437500004 0.710526315625 0.46962616874999996 0.6859649125 0.4813084109375 0.8140350875 0.46728972031250005 0.8473684203125 0.4789719625 0.8543859656249999 0.516355140625 0.85087719375 0.537383178125 0.8017543859374999 0.5771028031250001 0.7912280703125 0.5911214953124999 0.7912280703125 0.6051401875 0.8087719296874999 0.6051401875 0.8192982453125 0.6448598125 0.8421052625 0.6425233640625 0.8614035093749999 0.6214953265625 0.8719298249999999 0.623831775 0.8789473687499999 0.6168224296875 0.8877192984375 0.623831775 0.9 0.623831775 0.90701754375 0.61448598125 0.9298245609375 0.6168224296875 0.931578946875 0.733644859375 0.9333333328125001 0.74065420625 0.95087719375 0.74065420625 0.9473684203125 0.45794392500000003 0.928070175 0.41588785 0.9017543859374999 0.3925233640625 0.8947368421874999 0.40654205625 0.86491228125 0.411214953125 0.8421052625 0.4369158875 0.8192982453125 0.443925234375
2 0.738596490625 0.4135514015625 0.7877192984375 0.3948598125 0.7298245609375 0.3831775703125 0.6947368421875 0.390186915625 0.6859649125 0.40887850468750003 0.7087719296875 0.41588785 0.738596490625 0.4135514015625
2 0.596491228125 0.623831775 0.617543859375 0.6495327109375 0.6298245609374999 0.651869159375 0.6403508765625 0.63551401875 0.6596491234374999 0.5537383171875 0.6578947375 0.4649532703125 0.6526315796875 0.43925233593749996 0.6140350875 0.4369158875 0.57894736875 0.45093457968750006 0.575438596875 0.5350467296875 0.57894736875 0.567757009375 0.596491228125 0.623831775
2 0.368421053125 0.4462616828125 0.31403508750000003 0.44158878437500004 0.29473684218749996 0.45794392500000003 0.29298245624999997 0.49065420625 0.30701754375 0.48831775625 0.3192982453125 0.46962616874999996 0.354385965625 0.4789719625 0.3631578953125 0.48831775625 0.3877192984375 0.4789719625 0.4017543859375 0.4789719625 0.4052631578125 0.48831775625 0.4140350875 0.48831775625 0.42456140312499996 0.47663551406250004 0.44035087656250005 0.47663551406250004 0.4526315796875 0.46028037343749995 0.468421053125 0.4649532703125 0.482456140625 0.453271028125 0.5263157890625 0.453271028125 0.545614034375 0.4299065421875 0.5543859656250001 0.43925233593749996 0.5736842109375 0.44158878437500004 0.571929825 0.40887850468750003 0.5140350875 0.40654205625 0.4561403515625 0.4182242984375 0.4473684203125 0.42757009375 0.410526315625 0.42757009375 0.368421053125 0.4462616828125