0 0.14838471250000002 0.0927734375 0.14640625000000002 0.0888671875 0.123653928125 0.0703125 0.11672930781249999 0.0751953125 0.11672930781249999 0.0810546875 0.11178315000000001 0.083984375 0.1038692984375 0.083984375 0.09793391093750001 0.080078125 0.07221389375000001 0.078125 0.06924620000000001 0.0810546875 0.06924620000000001 0.1025390625 0.0771600515625 0.1162109375 0.090020059375 0.123046875 0.1018908359375 0.1328125 0.10980468750000001 0.13671875 0.11672930781249999 0.1357421875 0.12068623281249999 0.1318359375 0.12662162187499998 0.1181640625 0.1315677796875 0.11328125 0.14343855625 0.111328125 0.14838471250000002 0.1064453125 0.14838471250000002 0.0927734375
0 0.239394003125 0.1220703125 0.24137246562499998 0.1201171875 0.24137246562499998 0.1103515625 0.239394003125 0.1083984375 0.239394003125 0.0986328125 0.23345861562499998 0.0849609375 0.22455553125 0.072265625 0.2126847546875 0.068359375 0.165201646875 0.068359375 0.163223184375 0.0703125 0.15728779531249998 0.0703125 0.15036317500000002 0.0791015625 0.15036317500000002 0.0927734375 0.1582770265625 0.1044921875 0.162233953125 0.1240234375 0.1760831921875 0.1376953125 0.18004011875 0.1455078125 0.1929001265625 0.16015625 0.203781671875 0.1591796875 0.2087278296875 0.158203125 0.21862014375 0.150390625 0.22653399531249999 0.1484375 0.23345861562499998 0.1416015625 0.23741554062499998 0.1337890625 0.239394003125 0.1220703125
0 0.1899324328125 0.1591796875 0.18399704374999998 0.1533203125 0.1760831921875 0.1396484375 0.15530933281249998 0.12109375 0.14541701875 0.1171875 0.14146009375 0.11328125 0.1335462421875 0.11328125 0.12068623281249999 0.1318359375 0.11870777031249999 0.1533203125 0.11672930781249999 0.1552734375 0.11672930781249999 0.1728515625 0.11870777031249999 0.1748046875 0.11870777031249999 0.1845703125 0.12464315937499999 0.1982421875 0.12464315937499999 0.2041015625 0.1365139359375 0.2275390625 0.14937394375 0.240234375 0.163223184375 0.24609375 0.1760831921875 0.2451171875 0.184986275 0.240234375 0.1909216640625 0.240234375 0.19982474687500001 0.2333984375 0.20576013437500001 0.2177734375 0.203781671875 0.1904296875 0.1899324328125 0.1591796875
0 0.163223184375 0.24609375 0.15135240625 0.2421875 0.14146009375 0.234375 0.1325570109375 0.2236328125 0.125632390625 0.2109375 0.11376161250000001 0.212890625 0.09793391093750001 0.220703125 0.09397698437499999 0.220703125 0.087052365625 0.2275390625 0.0830954390625 0.2353515625 0.0830954390625 0.2470703125 0.087052365625 0.2568359375 0.09496621562499999 0.2666015625 0.11376161250000001 0.28515625 0.11475084375 0.2841796875 0.1177185390625 0.279296875 0.14146009375 0.279296875 0.14937394375 0.275390625 0.1562985640625 0.2666015625 0.164212415625 0.2490234375 0.163223184375 0.24609375
0 0.10485852968750001 0.1357421875 0.0801277453125 0.1171875 0.0771600515625 0.1181640625 0.07518158750000001 0.1259765625 0.06331081093749999 0.1337890625 0.06331081093749999 0.1748046875 0.07320312500000001 0.1748046875 0.0821062078125 0.171875 0.088041596875 0.166015625 0.09991237343750001 0.16015625 0.10881545625 0.1494140625 0.10881545625 0.1435546875 0.10485852968750001 0.1357421875
0 0.11376161250000001 0.150390625 0.10782622500000001 0.15234375 0.09595544687499999 0.1640625 0.07122466250000001 0.1787109375 0.07122466250000001 0.1904296875 0.0811169765625 0.2001953125 0.0850739015625 0.2060546875 0.0850739015625 0.2099609375 0.090020059375 0.21484375 0.10288006718750001 0.2138671875 0.10980468750000001 0.212890625 0.12266469687499999 0.2041015625 0.12266469687499999 0.1943359375 0.11672930781249999 0.1767578125 0.11672930781249999 0.1533203125 0.11376161250000001 0.150390625
0 0.07419235625000001 0.1953125 0.06627850468749999 0.193359375 0.06331081093749999 0.1962890625 0.06331081093749999 0.2255859375 0.06528927343749999 0.2275390625 0.06528927343749999 0.2373046875 0.06825696875000001 0.240234375 0.0771600515625 0.2392578125 0.0811169765625 0.2333984375 0.0811169765625 0.2275390625 0.087052365625 0.2216796875 0.087052365625 0.2119140625 0.0850739015625 0.2060546875 0.07419235625000001 0.1953125
0 0.11079391875 0.2880859375 0.10683699375 0.2802734375 0.091009290625 0.2607421875 0.07617081875000001 0.24609375 0.07023543125000001 0.2421875 0.06627850468749999 0.2421875 0.06331081093749999 0.2451171875 0.06528927343749999 0.3095703125 0.06726773593749999 0.3115234375 0.06726773593749999 0.3173828125 0.07023543125000001 0.3203125 0.0791385140625 0.3193359375 0.0860631328125 0.318359375 0.09793391093750001 0.310546875 0.10090160468750001 0.3037109375 0.1038692984375 0.302734375 0.11475084375 0.2900390625 0.11079391875 0.2880859375
0 0.164212415625 0.3056640625 0.1394816296875 0.28125 0.129589315625 0.279296875 0.125632390625 0.28125 0.12068623281249999 0.2880859375 0.12068623281249999 0.2919921875 0.11079391875 0.3095703125 0.11079391875 0.3251953125 0.10683699375 0.3369140625 0.10881545625 0.3642578125 0.12068623281249999 0.3857421875 0.1315677796875 0.396484375 0.14146009375 0.400390625 0.1562985640625 0.3994140625 0.167180109375 0.396484375 0.18004011875 0.3818359375 0.18399704374999998 0.3701171875 0.18399704374999998 0.3466796875 0.1780616546875 0.3291015625 0.164212415625 0.3056640625
0 0.2453293921875 0.3251953125 0.2492863171875 0.3193359375 0.2492863171875 0.3115234375 0.239394003125 0.2939453125 0.2126847546875 0.275390625 0.2087278296875 0.275390625 0.202792440625 0.271484375 0.1929001265625 0.271484375 0.1889432015625 0.2734375 0.18399704374999998 0.2802734375 0.18201858125 0.2919921875 0.1780616546875 0.2998046875 0.1780616546875 0.3251953125 0.18399704374999998 0.3408203125 0.18597550624999998 0.3564453125 0.1958678203125 0.3759765625 0.20674936718749998 0.38671875 0.21862014375 0.392578125 0.2295016890625 0.3916015625 0.25522170625 0.3740234375 0.26115709531250003 0.3642578125 0.2631355578125 0.3525390625 0.25324324374999996 0.3427734375 0.2453293921875 0.3291015625 0.2453293921875 0.3251953125
0 0.14640625000000002 0.2783203125 0.14442778750000002 0.2841796875 0.17311549843750001 0.314453125 0.1760831921875 0.3134765625 0.1780616546875 0.3095703125 0.1780616546875 0.2998046875 0.1879539703125 0.2705078125 0.1830078125 0.265625 0.16124472031249998 0.263671875 0.14640625000000002 0.2783203125
0 0.10288006718750001 0.3447265625 0.10683699375 0.3349609375 0.1058477609375 0.318359375 0.09991237343750001 0.318359375 0.0840846703125 0.328125 0.07023543125000001 0.328125 0.06726773593749999 0.3330078125 0.06726773593749999 0.3955078125 0.06924620000000001 0.3974609375 0.06924620000000001 0.4033203125 0.07221389375000001 0.408203125 0.0801277453125 0.412109375 0.09892314218750001 0.4111328125 0.11475084375 0.3974609375 0.11870777031249999 0.3876953125 0.10881545625 0.3701171875 0.10683699375 0.3583984375 0.10288006718750001 0.3505859375 0.10288006718750001 0.3447265625
0 0.1157400765625 0.427734375 0.10782622500000001 0.4296875 0.10288006718750001 0.4365234375 0.09298775312499999 0.4443359375 0.089030828125 0.4521484375 0.0771600515625 0.4658203125 0.07518158750000001 0.4716796875 0.07518158750000001 0.4853515625 0.0791385140625 0.4970703125 0.0860631328125 0.50390625 0.09892314218750001 0.5029296875 0.1058477609375 0.5 0.11475084375 0.4892578125 0.11672930781249999 0.4755859375 0.12068623281249999 0.4677734375 0.12068623281249999 0.4384765625 0.1157400765625 0.427734375
0 0.18201858125 0.4541015625 0.164212415625 0.4306640625 0.162233953125 0.4189453125 0.15135240625 0.41015625 0.1375031671875 0.40625 0.13057854687499998 0.4111328125 0.13057854687499998 0.4248046875 0.12662162187499998 0.4326171875 0.12662162187499998 0.4423828125 0.1325570109375 0.4580078125 0.1325570109375 0.4677734375 0.14244932500000002 0.4814453125 0.16124472031249998 0.5 0.167180109375 0.50390625 0.1741047296875 0.5029296875 0.18004011875 0.4990234375 0.18201858125 0.4873046875 0.18399704374999998 0.4853515625 0.18399704374999998 0.4638671875 0.18201858125 0.4619140625 0.18201858125 0.4541015625
0 0.2215878375 0.5166015625 0.21960937500000002 0.5146484375 0.21960937500000002 0.5029296875 0.2176309125 0.5009765625 0.21565244843750003 0.4873046875 0.21070629218749998 0.478515625 0.20477090312500001 0.478515625 0.19982474687500001 0.4833984375 0.1938893578125 0.4970703125 0.1938893578125 0.5126953125 0.19784628437500001 0.5205078125 0.19784628437500001 0.5400390625 0.1958678203125 0.5458984375 0.19784628437500001 0.5517578125 0.20180320937500001 0.5517578125 0.20477090312500001 0.548828125 0.21862014375 0.546875 0.22356630000000002 0.5419921875 0.22356630000000002 0.5283203125 0.2215878375 0.5263671875 0.2215878375 0.5166015625
0 0.17509396093750001 0.515625 0.16124472031249998 0.509765625 0.14937394375 0.509765625 0.14343855625 0.513671875 0.14146009375 0.51171875 0.1355247046875 0.51171875 0.12266469687499999 0.5224609375 0.11672930781249999 0.5341796875 0.11672930781249999 0.5478515625 0.125632390625 0.556640625 0.1375031671875 0.560546875 0.1562985640625 0.5595703125 0.18201858125 0.5439453125 0.1879539703125 0.5322265625 0.1879539703125 0.5224609375 0.18597550624999998 0.5185546875 0.18102935 0.515625 0.17509396093750001 0.515625
0 0.31853251718750003 0.5068359375 0.31853251718750003 0.5029296875 0.32248944218750003 0.4970703125 0.3244679046875 0.4775390625 0.32644636875 0.4755859375 0.32644636875 0.4716796875 0.3215002109375 0.466796875 0.311607896875 0.462890625 0.3036940453125 0.462890625 0.3007263515625 0.4677734375 0.29182326875000003 0.474609375 0.274017103125 0.48046875 0.26610325156250003 0.486328125 0.25720016874999996 0.4970703125 0.25126478125 0.5126953125 0.2492863171875 0.5419921875 0.2581894 0.552734375 0.2641247890625 0.5546875 0.26907094531250003 0.5537109375 0.275995565625 0.552734375 0.28786634218749996 0.544921875 0.2888555734375 0.5419921875 0.3046832765625 0.5283203125 0.3046832765625 0.5244140625 0.31853251718750003 0.5068359375
0 0.23246938281250001 0.490234375 0.2255447625 0.4970703125 0.2215878375 0.5048828125 0.2215878375 0.5166015625 0.2255447625 0.5263671875 0.22356630000000002 0.5419921875 0.2304909203125 0.546875 0.23345861562499998 0.5458984375 0.23345861562499998 0.5400390625 0.239394003125 0.5361328125 0.2473078546875 0.5166015625 0.2473078546875 0.4912109375 0.2443401609375 0.48828125 0.23246938281250001 0.490234375
0 0.25522170625 0.6669921875 0.2482970859375 0.662109375 0.2304909203125 0.654296875 0.22059860625 0.654296875 0.2136739859375 0.6611328125 0.2097170609375 0.6689453125 0.2136739859375 0.6923828125 0.23444784687500003 0.712890625 0.2502755484375 0.724609375 0.2680817140625 0.732421875 0.278963259375 0.7333984375 0.2829201859375 0.7294921875 0.2829201859375 0.7099609375 0.2809417234375 0.7080078125 0.2809417234375 0.7021484375 0.26907094531250003 0.6826171875 0.25522170625 0.6669921875
0 0.33732791406249996 0.609375 0.331392525 0.60546875 0.3215002109375 0.60546875 0.309629434375 0.611328125 0.2987478890625 0.6220703125 0.2987478890625 0.6259765625 0.29281250000000003 0.6376953125 0.29281250000000003 0.6513671875 0.2947909625 0.6572265625 0.2977586578125 0.66015625 0.3244679046875 0.6591796875 0.3333709875 0.65625 0.35018792187500003 0.6416015625 0.3581017734375 0.6259765625 0.3561233109375 0.6142578125 0.351177153125 0.609375 0.33732791406249996 0.609375
0 0.34128483906249996 0.662109375 0.3294140625 0.662109375 0.3036940453125 0.673828125 0.2997371203125 0.673828125 0.29281250000000003 0.6806640625 0.2908340375 0.6845703125 0.2908340375 0.7138671875 0.29578019375000003 0.71875 0.3017155828125 0.720703125 0.312597128125 0.7197265625 0.331392525 0.71484375 0.33238175625 0.7119140625 0.3620587 0.6845703125 0.3640371625 0.6787109375 0.3551340796875 0.66796875 0.34128483906249996 0.662109375
0 0.3590910046875 0.689453125 0.3383171453125 0.7060546875 0.3363386828125 0.7119140625 0.33238175625 0.7158203125 0.33040329375 0.7255859375 0.33436021875 0.7353515625 0.34128483906249996 0.7421875 0.34524176562500003 0.744140625 0.366015625 0.7431640625 0.388767946875 0.734375 0.3956925671875 0.7255859375 0.3956925671875 0.7177734375 0.37294024531250003 0.69140625 0.36898331875 0.689453125 0.3590910046875 0.689453125
0 0.5777111484375 0.7431640625 0.5757326859375 0.7373046875 0.5599049828125 0.7197265625 0.5559480578125 0.7119140625 0.5490234375 0.705078125 0.5351741984375 0.703125 0.529238809375 0.705078125 0.5223141890624999 0.7119140625 0.5183572640625 0.7197265625 0.5144003374999999 0.7353515625 0.5084649484375 0.7470703125 0.5084649484375 0.7666015625 0.5144003374999999 0.7822265625 0.531217271875 0.80078125 0.5351741984375 0.802734375 0.5559480578125 0.8017578125 0.5608942140625001 0.80078125 0.5806788421875 0.783203125 0.58859269375 0.779296875 0.5955173140625 0.7724609375 0.5955173140625 0.7666015625 0.5777111484375 0.7431640625
0 0.3986602609375 0.720703125 0.3956925671875 0.7275390625 0.386789484375 0.736328125 0.3749187078125 0.740234375 0.36799408749999996 0.7451171875 0.381843328125 0.7626953125 0.383821790625 0.7685546875 0.381843328125 0.7783203125 0.383821790625 0.7822265625 0.388767946875 0.787109375 0.3927248734375 0.7890625 0.3956925671875 0.7880859375 0.40360641875000003 0.7841796875 0.41547719531249994 0.7587890625 0.41547719531249994 0.7314453125 0.4105310390625 0.724609375 0.40261718750000003 0.720703125 0.3986602609375 0.720703125
0 0.531217271875 0.63671875 0.5371526609374999 0.6328125 0.5401203546875 0.6240234375 0.531217271875 0.6171875 0.5252818828125 0.6171875 0.5153895687500001 0.61328125 0.4876910890625 0.615234375 0.4857126265625 0.6171875 0.45405722031250006 0.6171875 0.44218644375 0.62109375 0.435261825 0.6279296875 0.435261825 0.6318359375 0.43130489843750003 0.6376953125 0.43921875000000005 0.6572265625 0.44218644375 0.66015625 0.46889569218749994 0.6591796875 0.4857126265625 0.658203125 0.495604940625 0.65234375 0.5015403296875001 0.65234375 0.51736803125 0.640625 0.5252818828125 0.63671875 0.531217271875 0.63671875
0 0.387778715625 0.5556640625 0.37590793906250003 0.5380859375 0.366015625 0.5283203125 0.3600802375 0.5166015625 0.3294140625 0.51171875 0.32644636875 0.5166015625 0.3165540546875 0.5244140625 0.31853251718750003 0.5361328125 0.3244679046875 0.5458984375 0.3432633015625 0.56640625 0.351177153125 0.5703125 0.3709617828125 0.587890625 0.386789484375 0.59765625 0.3976710296875 0.5966796875 0.39964949375000003 0.5947265625 0.39964949375000003 0.5888671875 0.3956925671875 0.5849609375 0.3937141046875 0.5771484375 0.387778715625 0.5673828125 0.387778715625 0.5556640625
0 0.31952174843750003 0.546875 0.313586359375 0.544921875 0.28984480625 0.556640625 0.2809417234375 0.5654296875 0.276984796875 0.5732421875 0.276984796875 0.5849609375 0.2829201859375 0.6025390625 0.28984480625 0.611328125 0.29380173125 0.61328125 0.2987478890625 0.6123046875 0.30666174062499996 0.6044921875 0.30666174062499996 0.5986328125 0.3165540546875 0.5869140625 0.3244679046875 0.5693359375 0.3244679046875 0.5517578125 0.31952174843750003 0.546875
0 0.09199852187499999 0.63671875 0.0781492828125 0.63671875 0.07320312500000001 0.6455078125 0.07320312500000001 0.6845703125 0.07518158750000001 0.6865234375 0.07518158750000001 0.6982421875 0.0811169765625 0.6982421875 0.0850739015625 0.6904296875 0.09694467968750001 0.6767578125 0.10288006718750001 0.6611328125 0.10288006718750001 0.6474609375 0.10090160468750001 0.6435546875 0.09199852187499999 0.63671875
0 0.2087278296875 0.806640625 0.202792440625 0.806640625 0.1889432015625 0.81640625 0.17509396093750001 0.822265625 0.163223184375 0.83203125 0.15530933281249998 0.8359375 0.14937394375 0.8359375 0.14442778750000002 0.8408203125 0.14442778750000002 0.8466796875 0.14244932500000002 0.8486328125 0.14937394375 0.853515625 0.1582770265625 0.8544921875 0.17707242343750002 0.849609375 0.1948785890625 0.8359375 0.203781671875 0.8271484375 0.21169552343750003 0.8134765625 0.21169552343750003 0.8095703125 0.2087278296875 0.806640625
0 0.196857053125 0.767578125 0.17311549843750001 0.767578125 0.15728779531249998 0.775390625 0.15036317500000002 0.7822265625 0.15036317500000002 0.7841796875 0.17311549843750001 0.8046875 0.17707242343750002 0.806640625 0.19784628437500001 0.8056640625 0.20477090312500001 0.8046875 0.21466321718749998 0.796875 0.22356630000000002 0.7939453125 0.2255447625 0.7880859375 0.21664168125 0.775390625 0.196857053125 0.767578125
0 0.3620587 0.8876953125 0.3571125421875 0.8828125 0.351177153125 0.880859375 0.34128483906249996 0.87109375 0.3274356 0.865234375 0.2858878796875 0.865234375 0.279952490625 0.869140625 0.2641247890625 0.873046875 0.2522540125 0.87890625 0.24137246562499998 0.8896484375 0.24137246562499998 0.8994140625 0.239394003125 0.9033203125 0.24137246562499998 0.9091796875 0.24631862343750002 0.9140625 0.26214632656250003 0.916015625 0.2641247890625 0.91796875 0.31061866562499996 0.9189453125 0.31952174843750003 0.9140625 0.3393063765625 0.908203125 0.34919869062500003 0.90234375 0.3551340796875 0.90234375 0.3620587 0.8955078125 0.3620587 0.8876953125
0 0.35018792187500003 0.8134765625 0.35018792187500003 0.8095703125 0.3294140625 0.810546875 0.3274356 0.80859375 0.313586359375 0.806640625 0.3046832765625 0.7978515625 0.3027048140625 0.7919921875 0.29380173125 0.78515625 0.279952490625 0.78515625 0.277974028125 0.787109375 0.26610325156250003 0.7890625 0.25917863125 0.7958984375 0.25917863125 0.8076171875 0.26115709531250003 0.8095703125 0.26115709531250003 0.8173828125 0.26907094531250003 0.8310546875 0.2858878796875 0.845703125 0.309629434375 0.85546875 0.3205109796875 0.8564453125 0.3353494515625 0.853515625 0.3422740703125 0.8486328125 0.35018792187500003 0.8271484375 0.35018792187500003 0.8232421875 0.34623099687500003 0.8193359375 0.35018792187500003 0.8134765625
0 0.25917863125 0.8466796875 0.25522170625 0.8369140625 0.2492863171875 0.8310546875 0.2492863171875 0.8193359375 0.25126478125 0.8173828125 0.25126478125 0.8076171875 0.25324324374999996 0.8056640625 0.25324324374999996 0.7919921875 0.2482970859375 0.7890625 0.23840477187500003 0.791015625 0.2097170609375 0.8193359375 0.1958678203125 0.8466796875 0.1938893578125 0.8642578125 0.1919108953125 0.8662109375 0.1938893578125 0.8779296875 0.19784628437500001 0.8818359375 0.203781671875 0.8955078125 0.21466321718749998 0.90625 0.22059860625 0.908203125 0.22455553125 0.912109375 0.23148015156250001 0.9111328125 0.23741554062499998 0.9052734375 0.239394003125 0.8916015625 0.2433509296875 0.8818359375 0.25522170625 0.8720703125 0.25917863125 0.8623046875 0.25917863125 0.8466796875
0 0.3432633015625 0.91015625 0.3274356 0.9140625 0.31061866562499996 0.9248046875 0.311607896875 0.9296875 0.3739294765625 0.9287109375 0.383821790625 0.9091796875 0.383821790625 0.9013671875 0.3788756328125 0.8984375 0.36304793125 0.904296875 0.3531556171875 0.904296875 0.3432633015625 0.91015625
0 0.5559480578125 0.8681640625 0.54407728125 0.8486328125 0.5401203546875 0.8271484375 0.5361634296875 0.8193359375 0.5252818828125 0.806640625 0.5193464953125 0.806640625 0.512421875 0.8134765625 0.5104434125 0.8212890625 0.498572634375 0.8408203125 0.494615709375 0.8544921875 0.498572634375 0.8662109375 0.498572634375 0.8818359375 0.5104434125 0.9169921875 0.5153895687500001 0.921875 0.5242926515625 0.9208984375 0.5351741984375 0.91796875 0.54407728125 0.9091796875 0.54803420625 0.8896484375 0.55001266875 0.8876953125 0.55001266875 0.8798828125 0.5559480578125 0.8681640625
0 0.44515413906249995 0.6982421875 0.435261825 0.7216796875 0.43822951874999994 0.724609375 0.4471326015625 0.7236328125 0.45306798906249995 0.7216796875 0.455046453125 0.6982421875 0.46296030312500003 0.6826171875 0.456035684375 0.67578125 0.44614337031250006 0.671875 0.44515413906249995 0.6982421875
0 0.45207875781249995 0.734375 0.443175675 0.7470703125 0.44515413906249995 0.7509765625 0.44515413906249995 0.7607421875 0.4491110640625 0.7666015625 0.458014146875 0.7734375 0.459992609375 0.77734375 0.48373416406249997 0.791015625 0.489669553125 0.79296875 0.5025295609375 0.7919921875 0.5104434125 0.7861328125 0.5084649484375 0.7705078125 0.5035187921875 0.765625 0.49956186718750006 0.765625 0.47384185 0.75390625 0.45207875781249995 0.734375
0 0.640032728125 0.62109375 0.6311296453125 0.6298828125 0.62321579375 0.6416015625 0.62321579375 0.6494140625 0.62519425625 0.6552734375 0.6301404140625 0.658203125 0.638054265625 0.66796875 0.643989653125 0.669921875 0.658828125 0.6689453125 0.677623521875 0.666015625 0.6845481421875 0.6591796875 0.6865266046875 0.6494140625 0.6647635140625 0.6259765625 0.65586043125 0.61328125 0.640032728125 0.62109375
0 0.6548712 0.7314453125 0.6667419765625 0.7099609375 0.6706989015625 0.6845703125 0.6746558281249999 0.6806640625 0.673666596875 0.673828125 0.6697096703125001 0.671875 0.6459681171875 0.673828125 0.638054265625 0.6796875 0.6261834875 0.68359375 0.6113450171875 0.6962890625 0.601452703125 0.7119140625 0.5915603890625001 0.7333984375 0.5915603890625001 0.7490234375 0.5935388515625 0.7529296875 0.600463471875 0.7578125 0.6133234796875 0.7568359375 0.6182696375 0.755859375 0.6222265625000001 0.751953125 0.6261834875 0.751953125 0.642011190625 0.740234375 0.6479465796875 0.73828125 0.6548712 0.7314453125
0 0.81018053125 0.859375 0.7983097546875 0.8515625 0.7785251265625 0.84765625 0.770611275 0.84375 0.7626974234375 0.84375 0.754783571875 0.84765625 0.7439020265625 0.8583984375 0.7379666390625 0.8720703125 0.7419235640624999 0.8818359375 0.7567620359375 0.8984375 0.7943528296875 0.89453125 0.7963312921875 0.896484375 0.80424514375 0.896484375 0.820072846875 0.90625 0.823040540625 0.9052734375 0.8329328546875001 0.8974609375 0.84084670625 0.8818359375 0.84084670625 0.8740234375 0.8339220859375001 0.869140625 0.8141374578124999 0.859375 0.81018053125 0.859375
0 0.5905711578124999 0.88671875 0.5876034625 0.8896484375 0.589581925 0.9091796875 0.5955173140625 0.9208984375 0.602441934375 0.92578125 0.605409628125 0.9248046875 0.6202481 0.912109375 0.6261834875 0.91015625 0.62717271875 0.9072265625 0.606398859375 0.890625 0.598485009375 0.88671875 0.5905711578124999 0.88671875
0 0.5628726765625001 0.869140625 0.5579265203125 0.8759765625 0.5539695953125 0.8876953125 0.5539695953125 0.8955078125 0.5628726765625001 0.908203125 0.572764990625 0.912109375 0.5836465375000001 0.9111328125 0.58859269375 0.91015625 0.5915603890625001 0.9052734375 0.5856250000000001 0.8876953125 0.5856250000000001 0.8818359375 0.5787003796875 0.875 0.5628726765625001 0.869140625
0 0.14244932500000002 0.6669921875 0.16124472031249998 0.6875 0.184986275 0.701171875 0.1909216640625 0.703125 0.1958678203125 0.7021484375 0.19982474687500001 0.6982421875 0.1790508875 0.666015625 0.17113703593750001 0.662109375 0.15728779531249998 0.6484375 0.14244932500000002 0.6572265625 0.14244932500000002 0.6669921875
0 0.23148015156250001 0.5849609375 0.23345861562499998 0.5830078125 0.23345861562499998 0.5498046875 0.2285124578125 0.544921875 0.20674936718749998 0.548828125 0.17707242343750002 0.57421875 0.164212415625 0.5888671875 0.1543201015625 0.6123046875 0.1523416390625 0.6318359375 0.1582770265625 0.6474609375 0.17113703593750001 0.66015625 0.184986275 0.669921875 0.1889432015625 0.671875 0.19784628437500001 0.6708984375 0.20773859843750003 0.6591796875 0.2176309125 0.6396484375 0.22356630000000002 0.6220703125 0.22356630000000002 0.6142578125 0.23148015156250001 0.5947265625 0.23148015156250001 0.5849609375
0 0.1196970015625 0.57421875 0.11672930781249999 0.5791015625 0.12464315937499999 0.5947265625 0.14541701875 0.6171875 0.1523416390625 0.6162109375 0.1543201015625 0.6142578125 0.1543201015625 0.6005859375 0.1523416390625 0.5966796875 0.14541701875 0.591796875 0.129589315625 0.57421875 0.1196970015625 0.57421875
0 0.5777111484375 0.5576171875 0.570786528125 0.55078125 0.5608942140625001 0.546875 0.5411095859375 0.546875 0.5193464953125 0.5703125 0.5153895687500001 0.5703125 0.5064864859375 0.5791015625 0.5074757171875001 0.599609375 0.5193464953125 0.6015625 0.5213249578125 0.603515625 0.5322065031250001 0.6025390625 0.5549588265625001 0.59765625 0.5737542234374999 0.5849609375 0.5796896109375 0.5751953125 0.5796896109375 0.5673828125 0.581668075 0.5654296875 0.5777111484375 0.5576171875
0 0.6331081078125 0.6201171875 0.641021959375 0.6142578125 0.643000421875 0.6044921875 0.638054265625 0.59765625 0.6261834875 0.59375 0.6222265625000001 0.58984375 0.58859269375 0.591796875 0.5628726765625001 0.599609375 0.5589157515625 0.6015625 0.5539695953125 0.6083984375 0.55001266875 0.6201171875 0.55001266875 0.6279296875 0.54605574375 0.6357421875 0.54803420625 0.6416015625 0.55199113125 0.6435546875 0.5688080656250001 0.634765625 0.5905711578124999 0.634765625 0.602441934375 0.638671875 0.6143127109375001 0.638671875 0.6222265625000001 0.634765625 0.6331081078125 0.6201171875
0 0.1562985640625 0.7939453125 0.15036317500000002 0.7880859375 0.15036317500000002 0.7646484375 0.14640625000000002 0.7568359375 0.1375031671875 0.748046875 0.125632390625 0.748046875 0.1196970015625 0.751953125 0.1058477609375 0.755859375 0.10090160468750001 0.7626953125 0.087052365625 0.7744140625 0.087052365625 0.7802734375 0.0850739015625 0.7822265625 0.087052365625 0.8115234375 0.0791385140625 0.8193359375 0.0791385140625 0.8349609375 0.088041596875 0.83984375 0.10485852968750001 0.8388671875 0.1177185390625 0.837890625 0.1375031671875 0.830078125 0.14343855625 0.826171875 0.1602554890625 0.8076171875 0.1602554890625 0.8017578125 0.1562985640625 0.7939453125
0 0.2433509296875 0.1494140625 0.23840477187500003 0.14453125 0.23444784687500003 0.142578125 0.2285124578125 0.1484375 0.21466321718749998 0.15234375 0.2087278296875 0.158203125 0.1938893578125 0.1630859375 0.1958678203125 0.1728515625 0.203781671875 0.1884765625 0.20576013437500001 0.2021484375 0.2087278296875 0.205078125 0.22059860625 0.208984375 0.236426309375 0.208984375 0.23840477187500003 0.2109375 0.25324324374999996 0.2099609375 0.2680817140625 0.208984375 0.275006334375 0.2021484375 0.275006334375 0.1982421875 0.26115709531250003 0.1748046875 0.2473078546875 0.1591796875 0.2433509296875 0.1494140625
0 0.3017155828125 0.26171875 0.2858878796875 0.259765625 0.28390941718749996 0.2578125 0.279952490625 0.259765625 0.26214632656250003 0.259765625 0.2601678625 0.26171875 0.24631862343750002 0.263671875 0.23741554062499998 0.2744140625 0.23741554062499998 0.2822265625 0.26610325156250003 0.306640625 0.27006017656250003 0.30859375 0.2848986484375 0.3076171875 0.307650971875 0.306640625 0.313586359375 0.3046875 0.32248944218750003 0.2958984375 0.3244679046875 0.2841796875 0.312597128125 0.2685546875 0.3017155828125 0.26171875
0 0.5450665125 0.234375 0.5411095859375 0.23046875 0.531217271875 0.2265625 0.50945418125 0.224609375 0.49362647812500005 0.232421875 0.4797772390625 0.234375 0.4649387671875 0.2451171875 0.4669172296875 0.2529296875 0.47384185 0.2578125 0.5015403296875001 0.2578125 0.5035187921875 0.259765625 0.51143264375 0.259765625 0.5193464953125 0.263671875 0.528249578125 0.2646484375 0.5510018999999999 0.2578125 0.5539695953125 0.2548828125 0.5539695953125 0.2470703125 0.5559480578125 0.2451171875 0.5490234375 0.234375 0.5450665125 0.234375
0 0.84084670625 0.0947265625 0.8339220859375001 0.083984375 0.8161159203125001 0.083984375 0.8141374578124999 0.0859375 0.80820206875 0.0859375 0.7963312921875 0.091796875 0.7933635984375 0.0966796875 0.7933635984375 0.1318359375 0.783471284375 0.1533203125 0.783471284375 0.1591796875 0.8012774484375 0.1611328125 0.81018053125 0.16015625 0.825019003125 0.1474609375 0.8349113171875 0.1259765625 0.83886824375 0.1220703125 0.84084670625 0.1162109375 0.84084670625 0.0947265625
0 0.7617081921875 0.2158203125 0.7537943406250001 0.2294921875 0.7537943406250001 0.2470703125 0.7557728046875 0.2490234375 0.7537943406250001 0.2509765625 0.7607189609375 0.255859375 0.7805035890625 0.255859375 0.7943528296875 0.265625 0.80820206875 0.279296875 0.8091913 0.2783203125 0.8131482265625 0.2705078125 0.8131482265625 0.2392578125 0.8091913 0.2294921875 0.7903959031250001 0.20703125 0.7686328125 0.208984375 0.7617081921875 0.2158203125
0 0.8685451859375 0.5869140625 0.8665667234375001 0.5830078125 0.8537067140625 0.572265625 0.8477713265625001 0.572265625 0.8299651609375 0.56640625 0.8180943828125 0.568359375 0.8161159203125001 0.564453125 0.81018053125 0.5625 0.7933635984375 0.5810546875 0.7953420609374999 0.5830078125 0.7953420609374999 0.5927734375 0.8032559125000001 0.5966796875 0.8032559125000001 0.6025390625 0.8072128375000001 0.6083984375 0.8032559125000001 0.6220703125 0.80622360625 0.625 0.8180943828125 0.626953125 0.8279866984375 0.638671875 0.8309543921874999 0.6376953125 0.8359005484375001 0.634765625 0.8477713265625001 0.6328125 0.8537067140625 0.62890625 0.8645882593750001 0.6162109375 0.8685451859375 0.6044921875 0.8685451859375 0.5869140625
0 0.9229529140625001 0.765625 0.9150390625 0.765625 0.900200590625 0.7763671875 0.894265203125 0.7919921875 0.894265203125 0.7998046875 0.8972328968750001 0.802734375 0.9011898234375 0.8046875 0.9249313765625 0.806640625 0.9397698484375001 0.8115234375 0.9417483109375 0.8076171875 0.9417483109375 0.7724609375 0.9387806171875 0.765625 0.9269098390625 0.765625 0.9249313765625 0.763671875 0.9229529140625001 0.765625
0 0.8537067140625 0.765625 0.8487605578125 0.7744140625 0.8527174828125 0.7861328125 0.8715128796875 0.802734375 0.8823944265625 0.8017578125 0.8903082765624999 0.7978515625 0.898222128125 0.7685546875 0.8715128796875 0.765625 0.8695344171875 0.763671875 0.857663640625 0.763671875 0.8537067140625 0.765625
0 0.7399451015625 0.8310546875 0.749837415625 0.8408203125 0.752805109375 0.84765625 0.7646758874999999 0.84375 0.770611275 0.84375 0.7765466640625001 0.84765625 0.783471284375 0.8466796875 0.787428209375 0.8427734375 0.77160050625 0.8173828125 0.76566511875 0.7978515625 0.752805109375 0.796875 0.7419235640624999 0.8115234375 0.7399451015625 0.8310546875
0 0.4867018578125 0.8544921875 0.47878800625 0.8466796875 0.47285261875 0.8330078125 0.4481218328125 0.810546875 0.44020798125000005 0.80859375 0.43130489843750003 0.8193359375 0.42536951093750003 0.8369140625 0.4115202703125 0.8564453125 0.40954180781250005 0.8857421875 0.417455659375 0.9091796875 0.43229412968750003 0.927734375 0.5104434125 0.9267578125 0.512421875 0.9228515625 0.5025295609375 0.8935546875 0.494615709375 0.8798828125 0.49263724687500005 0.8681640625 0.4867018578125 0.8603515625 0.4867018578125 0.8544921875
0 0.4134987328125 0.8076171875 0.40261718750000003 0.794921875 0.386789484375 0.78515625 0.380854096875 0.78515625 0.37590793906250003 0.7939453125 0.3581017734375 0.8095703125 0.3561233109375 0.8212890625 0.3541448484375 0.8232421875 0.3541448484375 0.8330078125 0.3561233109375 0.8349609375 0.3561233109375 0.8447265625 0.3640371625 0.8603515625 0.3788756328125 0.875 0.387778715625 0.8779296875 0.40360641875000003 0.8642578125 0.4115202703125 0.8486328125 0.4134987328125 0.8388671875 0.417455659375 0.8330078125 0.417455659375 0.8173828125 0.4134987328125 0.8076171875
0 0.36304793125 0.74609375 0.34919869062500003 0.74609375 0.34128483906249996 0.7421875 0.33238175625 0.7333984375 0.3294140625 0.7265625 0.31952174843750003 0.7265625 0.308640203125 0.7392578125 0.3046832765625 0.7490234375 0.3046832765625 0.7568359375 0.3027048140625 0.7587890625 0.3027048140625 0.7666015625 0.2987478890625 0.7783203125 0.3007263515625 0.7880859375 0.3046832765625 0.7958984375 0.313586359375 0.8046875 0.3215002109375 0.80859375 0.344252534375 0.8076171875 0.3531556171875 0.806640625 0.3739294765625 0.7939453125 0.381843328125 0.7802734375 0.381843328125 0.7646484375 0.36700485625 0.748046875 0.36304793125 0.74609375
0 0.600463471875 0.775390625 0.5905711578124999 0.77734375 0.570786528125 0.794921875 0.5569372890625 0.802734375 0.54803420625 0.8115234375 0.54407728125 0.8193359375 0.54407728125 0.8388671875 0.54803420625 0.8505859375 0.5628726765625001 0.8671875 0.5688080656250001 0.87109375 0.5777111484375 0.8720703125 0.600463471875 0.86328125 0.6172804046875 0.8447265625 0.62321579375 0.8271484375 0.6212373312499999 0.8076171875 0.6172804046875 0.7958984375 0.600463471875 0.775390625
0 0.6993866125 0.833984375 0.681580446875 0.822265625 0.677623521875 0.822265625 0.65981735625 0.814453125 0.640032728125 0.814453125 0.6301404140625 0.818359375 0.62519425625 0.8232421875 0.6212373312499999 0.8388671875 0.6172804046875 0.8447265625 0.6172804046875 0.8505859375 0.6360758015625 0.87109375 0.681580446875 0.88671875 0.7023543078125 0.8876953125 0.7112573906249999 0.88671875 0.7251066296875 0.880859375 0.7300527875 0.8759765625 0.7300527875 0.8681640625 0.7221389359375 0.8544921875 0.6993866125 0.833984375
0 0.710268159375 0.7568359375 0.708289696875 0.7548828125 0.710268159375 0.7490234375 0.7053220015624999 0.73828125 0.6993866125 0.734375 0.6855373734375 0.732421875 0.6835589109375 0.73046875 0.65586043125 0.736328125 0.642011190625 0.7421875 0.6261834875 0.75390625 0.6182696375 0.755859375 0.603431165625 0.7705078125 0.601452703125 0.7744140625 0.607388090625 0.7802734375 0.607388090625 0.7841796875 0.6261834875 0.80859375 0.6321188765625 0.810546875 0.6528927359375001 0.8095703125 0.65981735625 0.80859375 0.6756450593750001 0.80078125 0.69740815 0.783203125 0.708289696875 0.7705078125 0.710268159375 0.7666015625 0.710268159375 0.7568359375
0 0.7379666390625 0.6689453125 0.73203125 0.6572265625 0.7231281671875001 0.650390625 0.6954296875 0.650390625 0.6825696796875 0.6669921875 0.6825696796875 0.6826171875 0.676634290625 0.6962890625 0.676634290625 0.7041015625 0.6706989015625 0.7119140625 0.6706989015625 0.7197265625 0.677623521875 0.728515625 0.6894942984375 0.73046875 0.709278928125 0.73828125 0.714225084375 0.7373046875 0.7251066296875 0.732421875 0.7359881749999999 0.7197265625 0.7379666390625 0.7138671875 0.7379666390625 0.6982421875 0.7399451015625 0.6962890625 0.7379666390625 0.6689453125
0 0.785449746875 0.7275390625 0.7805035890625 0.724609375 0.7607189609375 0.724609375 0.7587404984375 0.72265625 0.7448912578125 0.720703125 0.7359881749999999 0.7275390625 0.7260958609375 0.7451171875 0.7221389359375 0.7568359375 0.7221389359375 0.7685546875 0.7260958609375 0.7783203125 0.73302048125 0.78515625 0.750826646875 0.79296875 0.76764358125 0.7919921875 0.786438978125 0.775390625 0.7933635984375 0.7724609375 0.7933635984375 0.7490234375 0.791385134375 0.7470703125 0.791385134375 0.7412109375 0.785449746875 0.7275390625
0 0.8883298140625 0.8486328125 0.8705236484375 0.8056640625 0.8497497890625001 0.783203125 0.8260082343749999 0.771484375 0.80424514375 0.76953125 0.786438978125 0.77734375 0.77160050625 0.7880859375 0.76764358125 0.7958984375 0.76962204375 0.8115234375 0.783471284375 0.8349609375 0.786438978125 0.8359375 0.8002882171874999 0.8515625 0.8161159203125001 0.861328125 0.8457928625 0.87109375 0.8635990281250001 0.880859375 0.8784375000000001 0.8798828125 0.88140519375 0.87890625 0.8883298140625 0.8701171875 0.8883298140625 0.8603515625 0.8903082765624999 0.8583984375 0.8883298140625 0.8564453125 0.8883298140625 0.8486328125
0 0.8853621203125 0.6796875 0.8635990281250001 0.6640625 0.8378790125 0.65234375 0.8260082343749999 0.65234375 0.822051309375 0.654296875 0.8171051515625001 0.6611328125 0.8151266890625 0.6904296875 0.8052343750000001 0.6982421875 0.8052343750000001 0.7197265625 0.8111697625 0.7333984375 0.8359005484375001 0.75390625 0.8517282515625 0.76171875 0.8635990281250001 0.76171875 0.8734913421874999 0.765625 0.9021790546874999 0.7646484375 0.9209744515624999 0.759765625 0.931855996875 0.7490234375 0.9278990703125001 0.7275390625 0.91998521875 0.7138671875 0.9130606 0.708984375 0.8853621203125 0.6796875
0 0.9417483109375 0.8154296875 0.930866765625 0.80859375 0.9249313765625 0.80859375 0.9150390625 0.8046875 0.8952544343750001 0.8046875 0.8932759718750001 0.802734375 0.87744826875 0.802734375 0.8734913421874999 0.8046875 0.8705236484375 0.8076171875 0.8804159625000001 0.8251953125 0.8903082765624999 0.8544921875 0.8903082765624999 0.8681640625 0.8863513515625 0.8740234375 0.8863513515625 0.8798828125 0.8972328968750001 0.88671875 0.9278990703125001 0.8857421875 0.929877534375 0.8837890625 0.9278990703125001 0.8818359375 0.9278990703125001 0.8662109375 0.930866765625 0.86328125 0.9417483109375 0.8603515625 0.9417483109375 0.8154296875
0 0.9229529140625001 0.63671875 0.9091036734375001 0.64453125 0.9011898234375 0.646484375 0.894265203125 0.6533203125 0.8922867406250001 0.6572265625 0.8922867406250001 0.6708984375 0.896243665625 0.6748046875 0.8922867406250001 0.6787109375 0.8922867406250001 0.6845703125 0.9269098390625 0.720703125 0.930866765625 0.72265625 0.935812921875 0.7216796875 0.9397698484375001 0.7197265625 0.9397698484375001 0.6845703125 0.9377913843749999 0.6826171875 0.9397698484375001 0.6435546875 0.9368021531249999 0.63671875 0.9229529140625001 0.63671875
0 0.917017525 0.560546875 0.9100929046875 0.5654296875 0.91207136875 0.5673828125 0.9100929046875 0.6298828125 0.917017525 0.634765625 0.935812921875 0.6337890625 0.9377913843749999 0.6318359375 0.9377913843749999 0.5751953125 0.935812921875 0.5732421875 0.935812921875 0.5576171875 0.9288883015625 0.556640625 0.917017525 0.560546875
0 0.8012774484375 0.6220703125 0.7943528296875 0.615234375 0.7805035890625 0.6171875 0.7755574328125 0.6123046875 0.7755574328125 0.6025390625 0.770611275 0.59765625 0.7448912578125 0.59765625 0.7419235640624999 0.6005859375 0.7439020265625 0.6298828125 0.7399451015625 0.6396484375 0.7340097125 0.6455078125 0.7359881749999999 0.6533203125 0.750826646875 0.669921875 0.7646758874999999 0.677734375 0.784460515625 0.6953125 0.7963312921875 0.69921875 0.8032559125000001 0.6982421875 0.80622360625 0.697265625 0.8151266890625 0.6865234375 0.8151266890625 0.6650390625 0.8131482265625 0.6630859375 0.8091913 0.6416015625 0.8012774484375 0.6220703125
0 0.76665435 0.6796875 0.750826646875 0.669921875 0.7409343328125 0.66796875 0.7399451015625 0.7099609375 0.7419235640624999 0.7138671875 0.7567620359375 0.72265625 0.7646758874999999 0.72265625 0.76665435 0.724609375 0.783471284375 0.7236328125 0.7963312921875 0.720703125 0.8012774484375 0.7158203125 0.8012774484375 0.7021484375 0.7983097546875 0.69921875 0.784460515625 0.6953125 0.76665435 0.6796875
0 0.6993866125 0.568359375 0.69740815 0.56640625 0.681580446875 0.56640625 0.679601984375 0.564453125 0.6756450593750001 0.56640625 0.6697096703125001 0.564453125 0.6608065875 0.5771484375 0.6568496625 0.5888671875 0.6568496625 0.5966796875 0.6548712 0.5986328125 0.6548712 0.6044921875 0.6627850515625 0.6220703125 0.673666596875 0.634765625 0.6894942984375 0.646484375 0.7013650765625 0.6484375 0.7033435390625 0.650390625 0.7201604734375 0.6494140625 0.73499894375 0.642578125 0.7439020265625 0.6259765625 0.7399451015625 0.6025390625 0.728074325 0.5771484375 0.7171927796875 0.56640625 0.6993866125 0.568359375
0 0.80424514375 0.533203125 0.7963312921875 0.529296875 0.784460515625 0.529296875 0.7824820531250001 0.52734375 0.752805109375 0.52734375 0.7290635562500001 0.53515625 0.7221389359375 0.5419921875 0.7241173984375 0.5654296875 0.728074325 0.5693359375 0.728074325 0.5732421875 0.7359881749999999 0.5849609375 0.7359881749999999 0.5888671875 0.7429127953125 0.591796875 0.7577512671875 0.5908203125 0.770611275 0.58984375 0.7805035890625 0.5859375 0.8032559125000001 0.5673828125 0.8091913 0.5576171875 0.8091913 0.5419921875 0.80424514375 0.533203125
0 0.87744826875 0.501953125 0.8833836578125001 0.49609375 0.891297509375 0.4921875 0.9100929046875 0.4736328125 0.91404983125 0.4658203125 0.91207136875 0.4501953125 0.9011898234375 0.443359375 0.8873405828125 0.443359375 0.8853621203125 0.44140625 0.8635990281250001 0.44140625 0.8616205656249999 0.443359375 0.8457928625 0.443359375 0.8438144 0.4453125 0.824029771875 0.447265625 0.8002882171874999 0.455078125 0.7963312921875 0.458984375 0.7765466640625001 0.46875 0.7725897390625 0.46875 0.749837415625 0.4892578125 0.747858953125 0.4990234375 0.7537943406250001 0.5048828125 0.7577512671875 0.5146484375 0.7646758874999999 0.521484375 0.7765466640625001 0.5234375 0.7785251265625 0.525390625 0.7923743671875 0.525390625 0.7943528296875 0.52734375 0.8190836156250001 0.5263671875 0.8359005484375001 0.521484375 0.8438144 0.521484375 0.8497497890625001 0.517578125 0.8556851765625 0.517578125 0.8734913421874999 0.501953125 0.87744826875 0.501953125
0 0.6568496625 0.5478515625 0.658828125 0.5361328125 0.6657527453125 0.529296875 0.679601984375 0.525390625 0.6825696796875 0.5224609375 0.6825696796875 0.5166015625 0.673666596875 0.5078125 0.66179581875 0.50390625 0.638054265625 0.50390625 0.6360758015625 0.505859375 0.6261834875 0.505859375 0.624205025 0.5078125 0.6182696375 0.505859375 0.598485009375 0.505859375 0.58661423125 0.509765625 0.5777111484375 0.5166015625 0.5737542234374999 0.5224609375 0.5737542234374999 0.5380859375 0.5757326859375 0.5439453125 0.581668075 0.5556640625 0.5965065453125 0.5703125 0.6103557859375 0.576171875 0.6202481 0.576171875 0.6301404140625 0.580078125 0.6449788859375001 0.5791015625 0.6519035046874999 0.578125 0.658828125 0.5732421875 0.658828125 0.5634765625 0.6608065875 0.5615234375 0.6608065875 0.5537109375 0.6568496625 0.5478515625
0 0.605409628125 0.4541015625 0.605409628125 0.4482421875 0.6083773234375001 0.4453125 0.6123342484375 0.443359375 0.6222265625000001 0.443359375 0.6311296453125 0.4384765625 0.6311296453125 0.4267578125 0.62717271875 0.4169921875 0.6143127109375001 0.404296875 0.58265730625 0.388671875 0.570786528125 0.384765625 0.5628726765625001 0.384765625 0.5559480578125 0.3935546875 0.55001266875 0.4052734375 0.55001266875 0.4091796875 0.5420988171875 0.4208984375 0.5401203546875 0.4287109375 0.5341849671875 0.4384765625 0.5302280406250001 0.4638671875 0.5322065031250001 0.4697265625 0.5450665125 0.482421875 0.5529803624999999 0.486328125 0.564851140625 0.48828125 0.566829603125 0.490234375 0.5935388515625 0.4892578125 0.5955173140625 0.4853515625 0.5915603890625001 0.4794921875 0.5915603890625001 0.4697265625 0.5965065453125 0.46484375 0.601452703125 0.4638671875 0.605409628125 0.4541015625
0 0.5549588265625001 0.5 0.5510018999999999 0.5 0.54407728125 0.4931640625 0.54605574375 0.4873046875 0.5351741984375 0.4765625 0.5193464953125 0.478515625 0.5064864859375 0.4873046875 0.5104434125 0.4912109375 0.5104434125 0.4951171875 0.496594171875 0.5048828125 0.48868032031249997 0.5185546875 0.4847233953125 0.5302734375 0.4847233953125 0.5400390625 0.48274493281249997 0.5439453125 0.49164801562499993 0.552734375 0.5015403296875001 0.556640625 0.5163788 0.5556640625 0.533195734375 0.55078125 0.5539695953125 0.5322265625 0.55199113125 0.5302734375 0.55199113125 0.5146484375 0.5599049828125 0.5048828125 0.5549588265625001 0.5
0 0.4501002953125 0.53515625 0.43229412968750003 0.541015625 0.42141258437499995 0.5517578125 0.4115202703125 0.5673828125 0.40954180781250005 0.5830078125 0.41547719531249994 0.5947265625 0.44020798125000005 0.61328125 0.4481218328125 0.6171875 0.46296030312500003 0.6162109375 0.47483108124999995 0.6064453125 0.48868032031249997 0.5830078125 0.48868032031249997 0.5595703125 0.4847233953125 0.5517578125 0.4718633875 0.541015625 0.4501002953125 0.53515625
0 0.47878800625 0.5166015625 0.47285261875 0.4990234375 0.459992609375 0.484375 0.4481218328125 0.4765625 0.44218644375 0.474609375 0.42438027968750003 0.4765625 0.3986602609375 0.49609375 0.3897571796875 0.5068359375 0.387778715625 0.5126953125 0.387778715625 0.5361328125 0.3917356421875 0.5458984375 0.40459565 0.55078125 0.4134987328125 0.5498046875 0.420423353125 0.544921875 0.42438027968750003 0.544921875 0.44614337031250006 0.53515625 0.46988492343750005 0.53515625 0.47878800625 0.5224609375 0.47878800625 0.5166015625
0 0.5163788 0.4267578125 0.5104434125 0.4208984375 0.5045080234375 0.4091796875 0.497583403125 0.404296875 0.4639495359375 0.423828125 0.45306798906249995 0.4345703125 0.4510895265625 0.4462890625 0.4491110640625 0.4482421875 0.4491110640625 0.4599609375 0.455046453125 0.4755859375 0.4639495359375 0.484375 0.46988492343750005 0.484375 0.4718633875 0.486328125 0.47582031249999995 0.484375 0.4797772390625 0.48828125 0.48868032031249997 0.4873046875 0.5144003374999999 0.4658203125 0.5163788 0.4541015625 0.5183572640625 0.4521484375 0.5183572640625 0.4345703125 0.5163788 0.4326171875 0.5163788 0.4267578125
0 0.747858953125 0.4111328125 0.7458804890625 0.4052734375 0.73499894375 0.3984375 0.72708509375 0.3984375 0.716203546875 0.4052734375 0.7043327703125 0.4248046875 0.7043327703125 0.4541015625 0.710268159375 0.4736328125 0.7231281671875001 0.48828125 0.73104201875 0.4921875 0.7439020265625 0.4912109375 0.77160050625 0.4658203125 0.77160050625 0.4541015625 0.76764358125 0.4462890625 0.76764358125 0.4384765625 0.7597297296875001 0.4228515625 0.747858953125 0.4111328125
0 0.8725021109375 0.4033203125 0.8784375000000001 0.3935546875 0.8784375000000001 0.3818359375 0.8734913421874999 0.375 0.8675559546875 0.373046875 0.8457928625 0.373046875 0.8438144 0.375 0.8319436234375001 0.375 0.8299651609375 0.376953125 0.8180943828125 0.375 0.81018053125 0.37890625 0.8022666812500001 0.37890625 0.7923743671875 0.384765625 0.788417440625 0.384765625 0.7597297296875001 0.4111328125 0.7597297296875001 0.4228515625 0.76764358125 0.4384765625 0.784460515625 0.45703125 0.788417440625 0.458984375 0.7933635984375 0.4580078125 0.820072846875 0.447265625 0.8418359375 0.443359375 0.856674409375 0.4306640625 0.858652871875 0.4248046875 0.8725021109375 0.4072265625 0.8725021109375 0.4033203125
0 0.931855996875 0.3701171875 0.931855996875 0.3583984375 0.9249313765625 0.3515625 0.9091036734375001 0.3515625 0.8932759718750001 0.359375 0.8764590374999999 0.3759765625 0.8784375000000001 0.3818359375 0.8784375000000001 0.3955078125 0.8705236484375 0.4111328125 0.8507390203125 0.4384765625 0.8537067140625 0.443359375 0.857663640625 0.44140625 0.8952544343750001 0.44140625 0.91207136875 0.4482421875 0.91800675625 0.4423828125 0.9239421453125001 0.4287109375 0.9278990703125001 0.4248046875 0.933834459375 0.4091796875 0.933834459375 0.3720703125 0.931855996875 0.3701171875
0 0.91404983125 0.4677734375 0.9061359796874999 0.4814453125 0.9061359796874999 0.4833984375 0.9219636828125 0.4970703125 0.9239421453125001 0.5068359375 0.9259206078125001 0.5107421875 0.9278990703125001 0.5107421875 0.935812921875 0.5048828125 0.935812921875 0.4443359375 0.9328452281249999 0.44140625 0.9229529140625001 0.443359375 0.91404983125 0.4501953125 0.91404983125 0.4677734375
0 0.91404983125 0.4677734375 0.9061359796874999 0.4814453125 0.9061359796874999 0.4833984375 0.9219636828125 0.4970703125 0.9219636828125 0.5048828125 0.9259206078125001 0.5126953125 0.9239421453125001 0.5166015625 0.9239421453125001 0.5341796875 0.9259206078125001 0.5341796875 0.935812921875 0.5263671875 0.935812921875 0.4443359375 0.9328452281249999 0.44140625 0.9269098390625 0.44140625 0.91404983125 0.4501953125 0.91404983125 0.4677734375
0 0.9031682859375 0.51953125 0.8853621203125 0.517578125 0.8695344171875 0.5078125 0.8487605578125 0.5224609375 0.8487605578125 0.5302734375 0.8537067140625 0.537109375 0.8853621203125 0.55078125 0.8972328968750001 0.55078125 0.9031682859375 0.5546875 0.9081144421875 0.5537109375 0.91602829375 0.5478515625 0.9219636828125 0.5361328125 0.9239421453125001 0.5087890625 0.9209744515624999 0.505859375 0.9150390625 0.5078125 0.9031682859375 0.51953125
0 0.865577490625 0.55078125 0.8616205656249999 0.548828125 0.8596421031249999 0.55078125 0.8477713265625001 0.55078125 0.8448036312499999 0.5556640625 0.83688978125 0.5615234375 0.83688978125 0.5654296875 0.839857475 0.568359375 0.8537067140625 0.572265625 0.8635990281250001 0.580078125 0.8744805734375 0.5791015625 0.8893190453125 0.576171875 0.900200590625 0.5654296875 0.899211359375 0.552734375 0.87942673125 0.552734375 0.87744826875 0.55078125 0.865577490625 0.55078125
0 0.65586043125 0.4765625 0.6608065875 0.4677734375 0.6706989015625 0.4619140625 0.6706989015625 0.4560546875 0.6667419765625 0.4482421875 0.65388196875 0.4296875 0.6519035046874999 0.431640625 0.6459681171875 0.427734375 0.640032728125 0.427734375 0.6350865703124999 0.4326171875 0.6321188765625 0.44140625 0.6083773234375001 0.4453125 0.605409628125 0.4501953125 0.607388090625 0.4619140625 0.602441934375 0.466796875 0.598485009375 0.466796875 0.5915603890625001 0.4755859375 0.5955173140625 0.4892578125 0.6182696375 0.505859375 0.6212373312499999 0.5048828125 0.6281619515625 0.501953125 0.638054265625 0.501953125 0.643000421875 0.4970703125 0.643000421875 0.4814453125 0.6499250421875 0.4765625 0.65586043125 0.4765625
0 0.8705236484375 0.5068359375 0.8754698062499999 0.513671875 0.8833836578125001 0.517578125 0.8893190453125 0.517578125 0.891297509375 0.51953125 0.9061359796874999 0.5185546875 0.91404983125 0.5087890625 0.9219636828125 0.5029296875 0.9219636828125 0.4970703125 0.9130606 0.4921875 0.8932759718750001 0.490234375 0.8705236484375 0.5068359375
0 0.381843328125 0.4306640625 0.3778864015625 0.4267578125 0.37590793906250003 0.4208984375 0.351177153125 0.39453125 0.34128483906249996 0.388671875 0.331392525 0.37890625 0.32347867343750003 0.375 0.3017155828125 0.37109375 0.277974028125 0.361328125 0.274017103125 0.361328125 0.2670924828125 0.3662109375 0.2631355578125 0.3740234375 0.2631355578125 0.3798828125 0.25720016874999996 0.3896484375 0.25720016874999996 0.3994140625 0.2631355578125 0.4130859375 0.2670924828125 0.4169921875 0.2670924828125 0.4208984375 0.29578019375000003 0.453125 0.307650971875 0.45703125 0.3254571375 0.466796875 0.34524176562500003 0.47265625 0.3551340796875 0.47265625 0.3571125421875 0.474609375 0.36106946875 0.47265625 0.3709617828125 0.47265625 0.37294024531250003 0.474609375 0.381843328125 0.4736328125 0.388767946875 0.470703125 0.3937141046875 0.4658203125 0.3937141046875 0.4521484375 0.387778715625 0.4404296875 0.381843328125 0.4345703125 0.381843328125 0.4306640625
0 0.275006334375 0.4306640625 0.2502755484375 0.408203125 0.23246938281250001 0.3984375 0.21466321718749998 0.396484375 0.203781671875 0.4052734375 0.19982474687500001 0.4130859375 0.19982474687500001 0.4189453125 0.1938893578125 0.4365234375 0.1938893578125 0.4541015625 0.19982474687500001 0.4638671875 0.21862014375 0.482421875 0.2304909203125 0.486328125 0.23840477187500003 0.486328125 0.240383234375 0.48828125 0.25324324374999996 0.4873046875 0.26610325156250003 0.484375 0.278963259375 0.4736328125 0.2829201859375 0.4658203125 0.2829201859375 0.4462890625 0.2809417234375 0.4404296875 0.275006334375 0.4306640625
0 0.44515413906249995 0.6767578125 0.4372402875 0.6513671875 0.43328336093750003 0.6474609375 0.4293264359375 0.6376953125 0.4144879640625 0.623046875 0.40459565 0.6171875 0.3986602609375 0.615234375 0.3709617828125 0.615234375 0.36502639375 0.6171875 0.3581017734375 0.6279296875 0.3561233109375 0.6396484375 0.3541448484375 0.6416015625 0.3561233109375 0.6455078125 0.3561233109375 0.6552734375 0.3640371625 0.6728515625 0.379864865625 0.6904296875 0.385800253125 0.7021484375 0.40063872500000003 0.71875 0.416466428125 0.728515625 0.4273479734375 0.7275390625 0.435261825 0.7216796875 0.4372402875 0.7158203125 0.4411972125 0.7119140625 0.443175675 0.7001953125 0.44515413906249995 0.6982421875 0.44515413906249995 0.6767578125
0 0.27006017656250003 0.595703125 0.2601678625 0.58984375 0.24631862343750002 0.58984375 0.23840477187500003 0.59375 0.23148015156250001 0.6005859375 0.2255447625 0.6142578125 0.2255447625 0.6259765625 0.23345861562499998 0.6474609375 0.240383234375 0.65625 0.24631862343750002 0.658203125 0.274017103125 0.6796875 0.28390941718749996 0.68359375 0.2888555734375 0.6826171875 0.29281250000000003 0.6748046875 0.29281250000000003 0.6455078125 0.2908340375 0.6435546875 0.2908340375 0.6279296875 0.2848986484375 0.6123046875 0.27006017656250003 0.595703125
0 0.23840477187500003 0.720703125 0.23246938281250001 0.71484375 0.2285124578125 0.71484375 0.21070629218749998 0.705078125 0.1929001265625 0.705078125 0.1830078125 0.708984375 0.167180109375 0.7109375 0.1582770265625 0.7158203125 0.1582770265625 0.7236328125 0.162233953125 0.7333984375 0.1721262671875 0.7470703125 0.184986275 0.7578125 0.22653399531249999 0.771484375 0.236426309375 0.771484375 0.23840477187500003 0.7734375 0.2492863171875 0.7724609375 0.2581894 0.771484375 0.276984796875 0.7568359375 0.2829201859375 0.7431640625 0.275995565625 0.734375 0.2581894 0.73046875 0.23840477187500003 0.720703125
0 0.1196970015625 0.662109375 0.1177185390625 0.66015625 0.10782622500000001 0.66015625 0.10090160468750001 0.6650390625 0.09892314218750001 0.6748046875 0.0811169765625 0.6982421875 0.0771600515625 0.7060546875 0.07518158750000001 0.7197265625 0.0801277453125 0.7265625 0.088041596875 0.7265625 0.090020059375 0.728515625 0.1325570109375 0.7275390625 0.1394816296875 0.724609375 0.1543201015625 0.7080078125 0.1582770265625 0.6865234375 0.1394816296875 0.666015625 0.127610853125 0.662109375 0.1196970015625 0.662109375
0 0.15926625781249998 0.857421875 0.1355247046875 0.85546875 0.13057854687499998 0.8583984375 0.12068623281249999 0.8857421875 0.12068623281249999 0.9111328125 0.125632390625 0.91796875 0.1375031671875 0.919921875 0.14146009375 0.931640625 0.2097170609375 0.9306640625 0.21169552343750003 0.9287109375 0.21169552343750003 0.9169921875 0.20773859843750003 0.9052734375 0.1938893578125 0.8798828125 0.18102935 0.8671875 0.15926625781249998 0.857421875
0 0.14146009375 0.830078125 0.11178315000000001 0.83984375 0.0811169765625 0.8427734375 0.0791385140625 0.8486328125 0.0791385140625 0.8720703125 0.0840846703125 0.875 0.090020059375 0.875 0.09595544687499999 0.880859375 0.10090160468750001 0.8798828125 0.11178315000000001 0.869140625 0.125632390625 0.861328125 0.1384923984375 0.8486328125 0.14442778750000002 0.8388671875 0.14442778750000002 0.8330078125 0.14146009375 0.830078125
0 0.125632390625 0.861328125 0.1216754640625 0.861328125 0.09496621562499999 0.8837890625 0.09496621562499999 0.8896484375 0.089030828125 0.8994140625 0.089030828125 0.9208984375 0.09892314218750001 0.9208984375 0.10683699375 0.9130859375 0.10881545625 0.9013671875 0.11277238125 0.8974609375 0.12464315937499999 0.8720703125 0.12662162187499998 0.8662109375 0.125632390625 0.861328125
0 0.22257706875 0.91796875 0.2136739859375 0.9267578125 0.21466321718749998 0.931640625 0.26907094531250003 0.9306640625 0.271049409375 0.9287109375 0.27006017656250003 0.919921875 0.2562109375 0.91796875 0.2482970859375 0.9140625 0.2304909203125 0.9140625 0.22257706875 0.91796875
0 0.6459681171875 0.90234375 0.6162911734375001 0.9140625 0.607388090625 0.9228515625 0.607388090625 0.9248046875 0.6123342484375 0.927734375 0.62519425625 0.9267578125 0.6716881328125 0.92578125 0.672677365625 0.9169921875 0.6687204390625 0.9111328125 0.66179581875 0.90625 0.6519035046874999 0.90234375 0.6459681171875 0.90234375
0 0.8052343750000001 0.9013671875 0.8022666812500001 0.8984375 0.7963312921875 0.8984375 0.7943528296875 0.896484375 0.754783571875 0.8984375 0.752805109375 0.900390625 0.73499894375 0.90234375 0.7171927796875 0.908203125 0.7033435390625 0.916015625 0.693451225 0.91796875 0.6865266046875 0.9228515625 0.6875158359375 0.92578125 0.7300527875 0.9248046875 0.7725897390625 0.923828125 0.7785251265625 0.91796875 0.7963312921875 0.9140625 0.7992989859375 0.9111328125 0.7992989859375 0.9072265625 0.8052343750000001 0.9013671875
0 0.839857475 0.375 0.8418359375 0.373046875 0.8517282515625 0.373046875 0.8537067140625 0.37109375 0.8596421031249999 0.373046875 0.87744826875 0.373046875 0.900200590625 0.3544921875 0.8853621203125 0.34375 0.865577490625 0.3359375 0.8556851765625 0.328125 0.8497497890625001 0.326171875 0.8359005484375001 0.326171875 0.8339220859375001 0.32421875 0.8161159203125001 0.32421875 0.8072128375000001 0.3408203125 0.8022666812500001 0.345703125 0.7805035890625 0.349609375 0.77160050625 0.3564453125 0.77160050625 0.3623046875 0.7795143578125 0.3720703125 0.783471284375 0.3818359375 0.7953420609374999 0.3818359375 0.80622360625 0.376953125 0.8161159203125001 0.376953125 0.8180943828125 0.375 0.8279866984375 0.376953125 0.8299651609375 0.375 0.839857475 0.375
0 0.899211359375 0.3046875 0.891297509375 0.3046875 0.8893190453125 0.302734375 0.87744826875 0.306640625 0.8665667234375001 0.3173828125 0.8626097968750001 0.3271484375 0.8626097968750001 0.3330078125 0.8695344171875 0.337890625 0.8734913421874999 0.337890625 0.8893190453125 0.345703125 0.899211359375 0.353515625 0.9081144421875 0.3525390625 0.9278990703125001 0.3505859375 0.929877534375 0.3466796875 0.929877534375 0.3271484375 0.9259206078125001 0.3212890625 0.9110821375 0.30859375 0.899211359375 0.3046875
0 0.8537067140625 0.228515625 0.8497497890625001 0.23046875 0.8299651609375 0.23046875 0.8279866984375 0.232421875 0.8161159203125001 0.234375 0.8151266890625 0.2568359375 0.8131482265625 0.2587890625 0.8151266890625 0.2607421875 0.8151266890625 0.2685546875 0.8319436234375001 0.27734375 0.8556851765625 0.28515625 0.858652871875 0.2841796875 0.8725021109375 0.2724609375 0.8744805734375 0.2666015625 0.8764590374999999 0.2490234375 0.8705236484375 0.2373046875 0.865577490625 0.232421875 0.8537067140625 0.228515625
0 0.929877534375 0.2490234375 0.9249313765625 0.244140625 0.9209744515624999 0.244140625 0.9130606 0.23828125 0.8932759718750001 0.23828125 0.8893190453125 0.240234375 0.8804159625000001 0.2490234375 0.8764590374999999 0.2568359375 0.8725021109375 0.2744140625 0.8626097968750001 0.2841796875 0.8626097968750001 0.2900390625 0.8695344171875 0.298828125 0.8922867406250001 0.2978515625 0.8972328968750001 0.294921875 0.9011898234375 0.296875 0.9130606 0.296875 0.9189959875 0.294921875 0.929877534375 0.2861328125 0.929877534375 0.2490234375
0 0.8171051515625001 0.2998046875 0.8131482265625 0.2880859375 0.7983097546875 0.26953125 0.7785251265625 0.255859375 0.7686328125 0.255859375 0.7448912578125 0.265625 0.7419235640624999 0.2685546875 0.7379666390625 0.2822265625 0.7340097125 0.2861328125 0.728074325 0.3017578125 0.7300527875 0.3115234375 0.748848184375 0.330078125 0.76665435 0.341796875 0.770611275 0.341796875 0.7765466640625001 0.345703125 0.784460515625 0.345703125 0.786438978125 0.34375 0.7973205234375 0.3447265625 0.8022666812500001 0.34375 0.8072128375000001 0.3388671875 0.8151266890625 0.3251953125 0.8151266890625 0.3193359375 0.8171051515625001 0.3173828125 0.8171051515625001 0.2998046875
0 0.7458804890625 0.2548828125 0.749837415625 0.2197265625 0.747858953125 0.2177734375 0.7458804890625 0.2060546875 0.7369774062500001 0.201171875 0.72708509375 0.203125 0.715214315625 0.208984375 0.7033435390625 0.21875 0.6894942984375 0.2265625 0.6667419765625 0.2509765625 0.6528927359375001 0.2744140625 0.6509142734375 0.2861328125 0.6489358109375 0.2880859375 0.6489358109375 0.3017578125 0.6469573484375 0.3037109375 0.6469573484375 0.3134765625 0.6509142734375 0.3251953125 0.65586043125 0.330078125 0.6637742828125 0.33203125 0.6756450593750001 0.34375 0.6885050671874999 0.3427734375 0.6993866125 0.3359375 0.716203546875 0.3193359375 0.7260958609375 0.3037109375 0.7340097125 0.2841796875 0.7379666390625 0.2802734375 0.7458804890625 0.2548828125
0 0.7300527875 0.3583984375 0.7290635562500001 0.341796875 0.7231281671875001 0.341796875 0.69740815 0.357421875 0.6904835296875 0.3662109375 0.676634290625 0.3916015625 0.676634290625 0.4033203125 0.6865266046875 0.4267578125 0.693451225 0.43359375 0.7003758437500001 0.4326171875 0.7043327703125 0.4287109375 0.7063112328125001 0.4189453125 0.710268159375 0.4150390625 0.7221389359375 0.3876953125 0.7221389359375 0.3798828125 0.7300527875 0.3583984375
0 0.73302048125 0.35546875 0.728074325 0.3623046875 0.7201604734375 0.3935546875 0.7429127953125 0.40234375 0.750826646875 0.41015625 0.7537943406250001 0.4091796875 0.7646758874999999 0.404296875 0.7775358953125 0.3916015625 0.7795143578125 0.3876953125 0.7795143578125 0.3740234375 0.7626974234375 0.359375 0.73302048125 0.35546875
0 0.6143127109375001 0.37890625 0.602441934375 0.384765625 0.5974957765625 0.3896484375 0.5974957765625 0.3935546875 0.6222265625000001 0.41015625 0.6311296453125 0.4248046875 0.6311296453125 0.4287109375 0.6350865703124999 0.4306640625 0.6687204390625 0.4091796875 0.6687204390625 0.4013671875 0.6647635140625 0.3955078125 0.65586043125 0.38671875 0.6340973390625 0.37890625 0.6143127109375001 0.37890625
0 0.6885050671874999 0.4365234375 0.679601984375 0.427734375 0.6677312078125001 0.42578125 0.6608065875 0.4306640625 0.6627850515625 0.4423828125 0.6706989015625 0.4541015625 0.6706989015625 0.4619140625 0.6647635140625 0.4677734375 0.6647635140625 0.4755859375 0.6706989015625 0.4892578125 0.676634290625 0.4970703125 0.6835589109375 0.50390625 0.6875158359375 0.505859375 0.6904835296875 0.5048828125 0.7023543078125 0.4951171875 0.7023543078125 0.4794921875 0.69641891875 0.4619140625 0.6924619937500001 0.4580078125 0.6904835296875 0.4521484375 0.6885050671874999 0.4365234375
0 0.5490234375 0.33984375 0.5401203546875 0.3447265625 0.54407728125 0.3525390625 0.5490234375 0.35546875 0.5589157515625 0.3671875 0.5767219171875 0.37109375 0.58859269375 0.376953125 0.5935388515625 0.3759765625 0.600463471875 0.375 0.603431165625 0.3720703125 0.603431165625 0.3642578125 0.5945280828125 0.353515625 0.566829603125 0.34765625 0.5490234375 0.33984375
0 0.5559480578125 0.3662109375 0.55199113125 0.3603515625 0.533195734375 0.34375 0.527260346875 0.34375 0.5084649484375 0.3623046875 0.5025295609375 0.3759765625 0.5025295609375 0.3955078125 0.512421875 0.4169921875 0.512421875 0.4208984375 0.5193464953125 0.4296875 0.5233034203125 0.431640625 0.5302280406250001 0.4306640625 0.5401203546875 0.4208984375 0.5401203546875 0.4169921875 0.5559480578125 0.3955078125 0.5599049828125 0.3857421875 0.5599049828125 0.3759765625 0.5559480578125 0.3662109375
0 0.5064864859375 0.3623046875 0.5064864859375 0.3544921875 0.5035187921875 0.34765625 0.49956186718750006 0.345703125 0.4876910890625 0.345703125 0.47384185 0.3515625 0.4659279984375 0.357421875 0.4411972125 0.3837890625 0.43921875000000005 0.3896484375 0.4411972125 0.4052734375 0.44614337031250006 0.408203125 0.460981840625 0.4072265625 0.46988492343750005 0.400390625 0.48373416406249997 0.39453125 0.490658784375 0.3857421875 0.498572634375 0.3798828125 0.498572634375 0.3701171875 0.5064864859375 0.3623046875
0 0.435261825 0.3818359375 0.435261825 0.3525390625 0.43328336093750003 0.3505859375 0.43328336093750003 0.3447265625 0.42240181562499995 0.3359375 0.40855257656250005 0.337890625 0.384811021875 0.3515625 0.3739294765625 0.3623046875 0.366015625 0.3740234375 0.3620587 0.3857421875 0.3620587 0.4013671875 0.3699725515625 0.4150390625 0.3778864015625 0.4228515625 0.379864865625 0.4287109375 0.384811021875 0.43359375 0.387778715625 0.4326171875 0.3986602609375 0.4296875 0.4125095015625 0.421875 0.42339104687500007 0.4111328125 0.43328336093750003 0.3896484375 0.43328336093750003 0.3837890625 0.435261825 0.3818359375
0 0.34524176562500003 0.314453125 0.3333709875 0.3125 0.331392525 0.310546875 0.3215002109375 0.310546875 0.31952174843750003 0.30859375 0.28390941718749996 0.30859375 0.2819309546875 0.310546875 0.2680817140625 0.310546875 0.2562109375 0.314453125 0.2473078546875 0.3232421875 0.2473078546875 0.3310546875 0.25126478125 0.3349609375 0.25324324374999996 0.3408203125 0.2641247890625 0.3515625 0.275995565625 0.359375 0.3017155828125 0.369140625 0.3175432859375 0.37109375 0.31952174843750003 0.373046875 0.344252534375 0.3720703125 0.36700485625 0.361328125 0.37590793906250003 0.3486328125 0.37590793906250003 0.3349609375 0.3739294765625 0.3310546875 0.36502639375 0.32421875 0.34524176562500003 0.314453125
0 0.5420988171875 0.2861328125 0.5401203546875 0.2802734375 0.5252818828125 0.265625 0.5074757171875001 0.259765625 0.48175570156249997 0.2578125 0.459992609375 0.267578125 0.44218644375 0.279296875 0.4273479734375 0.2939453125 0.4134987328125 0.3193359375 0.41547719531249994 0.3251953125 0.42240181562499995 0.33203125 0.43625105625 0.33984375 0.4718633875 0.341796875 0.47384185 0.34375 0.5302280406250001 0.3427734375 0.5391311234375 0.341796875 0.547044975 0.337890625 0.5539695953125 0.3310546875 0.55199113125 0.3076171875 0.54605574375 0.2900390625 0.5420988171875 0.2861328125
0 0.6202481 0.263671875 0.606398859375 0.255859375 0.5767219171875 0.255859375 0.5608942140625001 0.26171875 0.55001266875 0.2724609375 0.54407728125 0.2822265625 0.55199113125 0.2998046875 0.5539695953125 0.3115234375 0.564851140625 0.3203125 0.5806788421875 0.328125 0.58661423125 0.328125 0.58859269375 0.330078125 0.605409628125 0.3291015625 0.6301404140625 0.3203125 0.6449788859375001 0.3056640625 0.6469573484375 0.2998046875 0.6449788859375001 0.2919921875 0.6350865703124999 0.2783203125 0.6202481 0.263671875
0 0.6311296453125 0.2470703125 0.62519425625 0.2646484375 0.6370650328125 0.2822265625 0.643989653125 0.2890625 0.6469573484375 0.2880859375 0.6608065875 0.2587890625 0.6865266046875 0.2294921875 0.6835589109375 0.2265625 0.66179581875 0.2265625 0.640032728125 0.236328125 0.6311296453125 0.2470703125
0 0.6499250421875 0.326171875 0.6301404140625 0.328125 0.6212373312499999 0.3349609375 0.6212373312499999 0.3447265625 0.62519425625 0.3525390625 0.62519425625 0.3603515625 0.6301404140625 0.3671875 0.6578388937499999 0.37890625 0.6697096703125001 0.3828125 0.672677365625 0.3818359375 0.677623521875 0.380859375 0.6865266046875 0.3701171875 0.6885050671874999 0.3486328125 0.6855373734375 0.345703125 0.673666596875 0.34375 0.6499250421875 0.326171875
0 0.710268159375 0.3271484375 0.708289696875 0.3349609375 0.715214315625 0.341796875 0.7290635562500001 0.33984375 0.73203125 0.3427734375 0.73203125 0.3505859375 0.7300527875 0.3525390625 0.73302048125 0.35546875 0.750826646875 0.35546875 0.752805109375 0.357421875 0.76566511875 0.3583984375 0.76962204375 0.3486328125 0.76764358125 0.3427734375 0.7448912578125 0.328125 0.7290635562500001 0.3125 0.7231281671875001 0.3125 0.710268159375 0.3271484375
0 0.8725021109375 0.1943359375 0.8705236484375 0.1845703125 0.8616205656249999 0.173828125 0.8556851765625 0.169921875 0.8497497890625001 0.169921875 0.8418359375 0.1640625 0.8339220859375001 0.1640625 0.8319436234375001 0.162109375 0.80820206875 0.162109375 0.80622360625 0.1640625 0.788417440625 0.166015625 0.7765466640625001 0.17578125 0.7725897390625 0.17578125 0.76566511875 0.1826171875 0.7636866546875 0.1904296875 0.7686328125 0.205078125 0.7725897390625 0.20703125 0.7923743671875 0.20703125 0.7992989859375 0.2138671875 0.8012774484375 0.2197265625 0.8141374578124999 0.23046875 0.8329328546875001 0.2294921875 0.8457928625 0.228515625 0.857663640625 0.224609375 0.8715128796875 0.216796875 0.8804159625000001 0.2080078125 0.8804159625000001 0.2041015625 0.8725021109375 0.1943359375
0 0.9278990703125001 0.1318359375 0.9259206078125001 0.1259765625 0.9229529140625001 0.123046875 0.9110821375 0.119140625 0.8932759718750001 0.1171875 0.87942673125 0.123046875 0.8715128796875 0.130859375 0.8556851765625 0.138671875 0.84084670625 0.1533203125 0.84084670625 0.1611328125 0.8457928625 0.1640625 0.8764590374999999 0.1630859375 0.8932759718750001 0.158203125 0.8972328968750001 0.16015625 0.9091036734375001 0.16015625 0.9249313765625 0.15234375 0.9278990703125001 0.1474609375 0.9278990703125001 0.1318359375
0 0.8873405828125 0.16015625 0.88140519375 0.1640625 0.87744826875 0.1640625 0.8705236484375 0.1708984375 0.8685451859375 0.1767578125 0.8685451859375 0.1806640625 0.8725021109375 0.1865234375 0.8725021109375 0.1943359375 0.8893190453125 0.212890625 0.9071252109374999 0.21875 0.9150390625 0.224609375 0.9229529140625001 0.234375 0.9259206078125001 0.2333984375 0.929877534375 0.2236328125 0.929877534375 0.1767578125 0.9249313765625 0.171875 0.9189959875 0.169921875 0.9130606 0.162109375 0.8873405828125 0.16015625
0 0.8734913421874999 0.078125 0.865577490625 0.072265625 0.8616205656249999 0.072265625 0.858652871875 0.0751953125 0.860631334375 0.0927734375 0.8675559546875 0.099609375 0.8833836578125001 0.107421875 0.891297509375 0.107421875 0.8932759718750001 0.109375 0.9100929046875 0.1083984375 0.91800675625 0.0986328125 0.91800675625 0.0888671875 0.9051467484375 0.07421875 0.8932759718750001 0.072265625 0.8833836578125001 0.078125 0.8734913421874999 0.078125
0 0.789406671875 0.0888671875 0.7824820531250001 0.078125 0.76665435 0.08203125 0.7587404984375 0.0859375 0.750826646875 0.09375 0.7409343328125 0.09765625 0.7300527875 0.1083984375 0.716203546875 0.1337890625 0.7181820109375 0.1513671875 0.7221389359375 0.1591796875 0.73104201875 0.16796875 0.7409343328125 0.169921875 0.7468697203125 0.173828125 0.7597297296875001 0.1728515625 0.76665435 0.169921875 0.7814928203125 0.1552734375 0.7933635984375 0.1318359375 0.7933635984375 0.1025390625 0.791385134375 0.1005859375 0.789406671875 0.0888671875
0 0.6756450593750001 0.064453125 0.6697096703125001 0.06640625 0.6627850515625 0.0732421875 0.6548712 0.0908203125 0.6548712 0.1044921875 0.65981735625 0.111328125 0.6687204390625 0.1162109375 0.672677365625 0.1240234375 0.681580446875 0.1328125 0.6924619937500001 0.1318359375 0.713235853125 0.123046875 0.728074325 0.1044921875 0.7340097125 0.0908203125 0.7359881749999999 0.0673828125 0.73302048125 0.064453125 0.6756450593750001 0.064453125
0 0.6885050671874999 0.1435546875 0.677623521875 0.1328125 0.6519035046874999 0.115234375 0.640032728125 0.109375 0.6281619515625 0.107421875 0.6202481 0.103515625 0.6044203968749999 0.10546875 0.5945280828125 0.111328125 0.5856250000000001 0.1201171875 0.5836465375000001 0.1259765625 0.5796896109375 0.1298828125 0.5796896109375 0.1376953125 0.581668075 0.1435546875 0.58859269375 0.146484375 0.5935388515625 0.1513671875 0.5974957765625 0.1591796875 0.5974957765625 0.1669921875 0.602441934375 0.173828125 0.6222265625000001 0.177734375 0.6301404140625 0.181640625 0.6627850515625 0.1826171875 0.6914727609375 0.177734375 0.693451225 0.17578125 0.6993866125 0.17578125 0.7023543078125 0.1728515625 0.7023543078125 0.1689453125 0.6885050671874999 0.1435546875
0 0.6222265625000001 0.189453125 0.6143127109375001 0.193359375 0.5965065453125 0.1953125 0.5915603890625001 0.2001953125 0.5915603890625001 0.2060546875 0.5974957765625 0.2197265625 0.603431165625 0.2275390625 0.605409628125 0.2353515625 0.6222265625000001 0.244140625 0.6331081078125 0.2431640625 0.6370650328125 0.2392578125 0.6390434968750001 0.2333984375 0.6390434968750001 0.2119140625 0.6331081078125 0.1943359375 0.6281619515625 0.189453125 0.6222265625000001 0.189453125
0 0.5529803624999999 0.072265625 0.5490234375 0.068359375 0.5450665125 0.068359375 0.5391311234375 0.064453125 0.5302280406250001 0.0693359375 0.5203357265624999 0.0810546875 0.5183572640625 0.0869140625 0.5183572640625 0.1083984375 0.5252818828125 0.115234375 0.5322065031250001 0.1142578125 0.5371526609374999 0.11328125 0.5539695953125 0.0966796875 0.5618834453125 0.0830078125 0.5618834453125 0.0771484375 0.5569372890625 0.072265625 0.5529803624999999 0.072265625
0 0.5005510984375 0.0732421875 0.49956186718750006 0.06640625 0.418444890625 0.06640625 0.40855257656250005 0.0703125 0.386789484375 0.0859375 0.3640371625 0.1083984375 0.3561233109375 0.1298828125 0.3561233109375 0.1396484375 0.3581017734375 0.1435546875 0.382832559375 0.166015625 0.3927248734375 0.166015625 0.3947033359375 0.16796875 0.4115202703125 0.1669921875 0.420423353125 0.166015625 0.43427259375 0.16015625 0.47087415625 0.1318359375 0.494615709375 0.0966796875 0.496594171875 0.0830078125 0.5005510984375 0.0732421875
0 0.51341110625 0.16015625 0.5054972546875 0.16015625 0.4876910890625 0.166015625 0.4847233953125 0.1865234375 0.48868032031249997 0.1982421875 0.5035187921875 0.21484375 0.5153895687500001 0.21875 0.5223141890624999 0.2177734375 0.5341849671875 0.2119140625 0.5341849671875 0.2080078125 0.5401203546875 0.1962890625 0.5401203546875 0.1806640625 0.5341849671875 0.1669921875 0.51341110625 0.16015625
0 0.5974957765625 0.1845703125 0.5974957765625 0.1630859375 0.5955173140625 0.1611328125 0.5955173140625 0.1552734375 0.5915603890625001 0.1494140625 0.58661423125 0.146484375 0.564851140625 0.1484375 0.5529803624999999 0.15234375 0.547044975 0.15625 0.5401203546875 0.1650390625 0.5401203546875 0.1767578125 0.55001266875 0.2021484375 0.5569372890625 0.212890625 0.5608942140625001 0.21484375 0.565840371875 0.2138671875 0.5747434546875 0.212890625 0.58463576875 0.20703125 0.5915603890625001 0.2001953125 0.5955173140625 0.1923828125 0.5955173140625 0.1865234375 0.5974957765625 0.1845703125
0 0.581668075 0.1220703125 0.589581925 0.1064453125 0.589581925 0.1025390625 0.603431165625 0.0771484375 0.600463471875 0.072265625 0.564851140625 0.07421875 0.5618834453125 0.0771484375 0.5599049828125 0.0888671875 0.5371526609374999 0.11328125 0.533195734375 0.115234375 0.5213249578125 0.115234375 0.496594171875 0.1376953125 0.494615709375 0.1474609375 0.49956186718750006 0.15234375 0.5074757171875001 0.15234375 0.5233034203125 0.158203125 0.5341849671875 0.1572265625 0.547044975 0.150390625 0.5549588265625001 0.140625 0.5628726765625001 0.13671875 0.5688080656250001 0.130859375 0.5747434546875 0.12890625 0.581668075 0.1220703125
0 0.5005510984375 0.1083984375 0.497583403125 0.10546875 0.4876910890625 0.107421875 0.47483108124999995 0.1279296875 0.4639495359375 0.138671875 0.4481218328125 0.1484375 0.4273479734375 0.1669921875 0.4293264359375 0.1748046875 0.43625105625 0.181640625 0.457024915625 0.1806640625 0.46988492343750005 0.17578125 0.4847233953125 0.1630859375 0.494615709375 0.1435546875 0.494615709375 0.1357421875 0.5005510984375 0.1181640625 0.5005510984375 0.1083984375
0 0.496594171875 0.0830078125 0.496594171875 0.0908203125 0.49263724687500005 0.1005859375 0.495604940625 0.103515625 0.498572634375 0.1025390625 0.5015403296875001 0.1015625 0.5203357265624999 0.0810546875 0.5203357265624999 0.0771484375 0.51736803125 0.07421875 0.5005510984375 0.0751953125 0.496594171875 0.0830078125
0 0.4283372046875 0.19140625 0.3986602609375 0.177734375 0.380854096875 0.177734375 0.37590793906250003 0.1826171875 0.3778864015625 0.1865234375 0.3778864015625 0.2060546875 0.36799408749999996 0.2158203125 0.37590793906250003 0.2275390625 0.37590793906250003 0.2392578125 0.40756334531249994 0.2705078125 0.4134987328125 0.2822265625 0.420423353125 0.2890625 0.4293264359375 0.2880859375 0.459003378125 0.2666015625 0.460981840625 0.2626953125 0.459003378125 0.2607421875 0.460981840625 0.2294921875 0.4471326015625 0.2060546875 0.4283372046875 0.19140625
0 0.417455659375 0.2958984375 0.40756334531249994 0.2724609375 0.37294024531250003 0.23828125 0.36304793125 0.234375 0.3590910046875 0.23046875 0.34919869062500003 0.2265625 0.3393063765625 0.2265625 0.33732791406249996 0.224609375 0.3254571375 0.2265625 0.3205109796875 0.2333984375 0.3165540546875 0.2529296875 0.31853251718750003 0.2548828125 0.3205109796875 0.2705078125 0.33436021875 0.2978515625 0.3432633015625 0.306640625 0.36304793125 0.3203125 0.36898331875 0.322265625 0.387778715625 0.3212890625 0.3966817984375 0.318359375 0.40063872500000003 0.314453125 0.40459565 0.314453125 0.4105310390625 0.310546875 0.417455659375 0.3017578125 0.417455659375 0.2958984375
0 0.26511402031250003 0.2451171875 0.2631355578125 0.2431640625 0.26511402031250003 0.2392578125 0.26115709531250003 0.2333984375 0.26115709531250003 0.2294921875 0.2502755484375 0.21875 0.23246938281250001 0.216796875 0.22257706875 0.2109375 0.2087278296875 0.2109375 0.20576013437500001 0.2236328125 0.19784628437500001 0.2373046875 0.17509396093750001 0.248046875 0.1721262671875 0.2509765625 0.1721262671875 0.2548828125 0.1889432015625 0.265625 0.202792440625 0.267578125 0.2126847546875 0.271484375 0.21960937500000002 0.2705078125 0.2304909203125 0.265625 0.24236169843750002 0.265625 0.2482970859375 0.26171875 0.2601678625 0.259765625 0.26511402031250003 0.2548828125 0.26511402031250003 0.2451171875
0 0.3531556171875 0.177734375 0.344252534375 0.1884765625 0.344252534375 0.1982421875 0.352166384375 0.2080078125 0.352166384375 0.2119140625 0.3590910046875 0.21875 0.3640371625 0.2177734375 0.3709617828125 0.212890625 0.3778864015625 0.2041015625 0.3778864015625 0.1865234375 0.37590793906250003 0.1806640625 0.36898331875 0.17578125 0.3531556171875 0.177734375
0 0.2641247890625 0.123046875 0.2522540125 0.12109375 0.2502755484375 0.119140625 0.24137246562499998 0.1259765625 0.239394003125 0.1376953125 0.2473078546875 0.1533203125 0.254232475 0.162109375 0.2641247890625 0.166015625 0.26907094531250003 0.1650390625 0.279952490625 0.162109375 0.29281250000000003 0.1494140625 0.2908340375 0.1416015625 0.2858878796875 0.134765625 0.272038640625 0.12890625 0.2641247890625 0.123046875
0 0.3363386828125 0.0771484375 0.3402956078125 0.0712890625 0.311607896875 0.0703125 0.307650971875 0.072265625 0.2977586578125 0.083984375 0.28984480625 0.0859375 0.2829201859375 0.0927734375 0.2829201859375 0.1044921875 0.2888555734375 0.1162109375 0.3017155828125 0.12890625 0.309629434375 0.1328125 0.31556482343750003 0.1328125 0.3254571375 0.13671875 0.32842483125 0.1357421875 0.3333709875 0.134765625 0.3383171453125 0.1298828125 0.3422740703125 0.1181640625 0.3422740703125 0.1083984375 0.3363386828125 0.0966796875 0.3363386828125 0.0771484375
0 0.7053220015624999 0.171875 0.7013650765625 0.17578125 0.6756450593750001 0.181640625 0.6706989015625 0.1865234375 0.6647635140625 0.1982421875 0.6627850515625 0.2041015625 0.6627850515625 0.2177734375 0.6647635140625 0.2216796875 0.6677312078125001 0.224609375 0.677623521875 0.224609375 0.679601984375 0.2265625 0.6904835296875 0.2255859375 0.7112573906249999 0.212890625 0.7181820109375 0.2041015625 0.7181820109375 0.1865234375 0.7201604734375 0.1826171875 0.7112573906249999 0.171875 0.7053220015624999 0.171875
0 0.7073004640625 0.15234375 0.7043327703125 0.1552734375 0.7043327703125 0.1611328125 0.7201604734375 0.1826171875 0.7201604734375 0.2021484375 0.72708509375 0.203125 0.7290635562500001 0.201171875 0.7369774062500001 0.201171875 0.7448912578125 0.205078125 0.749837415625 0.2119140625 0.749837415625 0.2158203125 0.7518158781250001 0.2158203125 0.7537943406250001 0.2099609375 0.7518158781250001 0.2080078125 0.7518158781250001 0.2021484375 0.7458804890625 0.1923828125 0.7241173984375 0.1669921875 0.7073004640625 0.15234375
0 0.40954180781250005 0.4677734375 0.40954180781250005 0.4580078125 0.4065741125 0.455078125 0.3966817984375 0.453125 0.3937141046875 0.4560546875 0.3937141046875 0.4658203125 0.382832559375 0.474609375 0.36898331875 0.474609375 0.36700485625 0.47265625 0.36304793125 0.474609375 0.3531556171875 0.474609375 0.351177153125 0.47265625 0.3393063765625 0.470703125 0.32842483125 0.4794921875 0.32644636875 0.4833984375 0.32644636875 0.4951171875 0.33238175625 0.5068359375 0.3393063765625 0.51171875 0.34524176562500003 0.51171875 0.347220228125 0.513671875 0.3620587 0.5126953125 0.3749187078125 0.509765625 0.386789484375 0.50390625 0.3917356421875 0.4990234375 0.3937141046875 0.4931640625 0.40360641875000003 0.4814453125 0.40954180781250005 0.4677734375
0 0.42635874218750003 0.419921875 0.42240181562499995 0.419921875 0.417455659375 0.4267578125 0.4134987328125 0.4287109375 0.41547719531249994 0.4306640625 0.4134987328125 0.4560546875 0.418444890625 0.46484375 0.42339104687500007 0.4638671875 0.43328336093750003 0.4560546875 0.43921875000000005 0.4423828125 0.43921875000000005 0.4306640625 0.43625105625 0.427734375 0.43427259375 0.4296875 0.42635874218750003 0.419921875
0 0.9100929046875 0.8994140625 0.9051467484375 0.89453125 0.8873405828125 0.896484375 0.88140519375 0.892578125 0.8754698062499999 0.884765625 0.865577490625 0.884765625 0.865577490625 0.88671875 0.8705236484375 0.8876953125 0.8675559546875 0.890625 0.8517282515625 0.890625 0.8477713265625001 0.892578125 0.8457928625 0.8828125 0.84084670625 0.8876953125 0.83688978125 0.8974609375 0.825019003125 0.9091796875 0.825019003125 0.9189453125 0.8299651609375 0.921875 0.8823944265625 0.9208984375 0.8843728890625 0.9130859375 0.8893190453125 0.908203125 0.8972328968750001 0.908203125 0.9091036734375001 0.912109375 0.91207136875 0.9072265625 0.9100929046875 0.8994140625
0 0.73104201875 0.794921875 0.7211497046875001 0.794921875 0.7171927796875 0.796875 0.69444045625 0.8212890625 0.6954296875 0.828125 0.714225084375 0.8271484375 0.7251066296875 0.82421875 0.7340097125 0.8154296875 0.7379666390625 0.8076171875 0.7379666390625 0.7998046875 0.73499894375 0.796875 0.73104201875 0.794921875
0 0.382832559375 0.06640625 0.380854096875 0.068359375 0.37294024531250003 0.068359375 0.3709617828125 0.06640625 0.347220228125 0.068359375 0.344252534375 0.0712890625 0.344252534375 0.0830078125 0.3422740703125 0.0849609375 0.344252534375 0.1005859375 0.351177153125 0.107421875 0.3571125421875 0.109375 0.3620587 0.1083984375 0.40756334531249994 0.0693359375 0.3986602609375 0.06640625 0.3927248734375 0.06640625 0.3907464109375 0.068359375 0.388767946875 0.06640625 0.382832559375 0.06640625