0 0.1923828125 0.0667529375 0.1865234375 0.07067957968750001 0.1826171875 0.07067957968750001 0.1689453125 0.06282629375 0.1591796875 0.060862971875000005 0.1494140625 0.06478961562499999 0.146484375 0.067734596875 0.138671875 0.08344117031250001 0.13671875 0.09718442187500001 0.1474609375 0.1079826921875 0.1640625 0.10700103125 0.1708984375 0.1040560484375 0.181640625 0.0932577796875 0.185546875 0.0854044921875 0.185546875 0.0814778484375 0.1953125 0.071661240625 0.1923828125 0.0667529375
0 0.1640625 0.1325242125 0.1552734375 0.1236892640625 0.1455078125 0.11779930000000001 0.1337890625 0.11779930000000001 0.12890625 0.1227076046875 0.12890625 0.130560890625 0.126953125 0.1325242125 0.126953125 0.1482307859375 0.12890625 0.1501941078125 0.12890625 0.1541207515625 0.1396484375 0.1688456625 0.1435546875 0.1688456625 0.1455078125 0.170808984375 0.15234375 0.1698273234375 0.1630859375 0.1668823421875 0.171875 0.160010715625 0.171875 0.1482307859375 0.169921875 0.1462674640625 0.169921875 0.1423408203125 0.1640625 0.1325242125
0 0.2646484375 0.10209272656249999 0.2587890625 0.10209272656249999 0.25 0.1168176390625 0.25 0.134487534375 0.2626953125 0.149212446875 0.2734375 0.1482307859375 0.27734375 0.1443041421875 0.27734375 0.1207442828125 0.2734375 0.11092767343750001 0.2685546875 0.1099460140625 0.267578125 0.10503770937500001 0.2646484375 0.10209272656249999
0 0.5478515625 0.2748650328125 0.5419921875 0.2748650328125 0.5400390625 0.2768283546875 0.5361328125 0.2768283546875 0.53125 0.28173665937500003 0.53125 0.28958994531250004 0.5380859375 0.29842489375 0.5419921875 0.300388215625 0.55859375 0.299406553125 0.560546875 0.29155326718749996 0.55859375 0.28958994531250004 0.55859375 0.28173665937500003 0.5537109375 0.2748650328125 0.5498046875 0.2729017109375 0.5478515625 0.2748650328125
0 0.4677734375 0.178662271875 0.4580078125 0.18062559375 0.447265625 0.193387184375 0.447265625 0.19731382656250002 0.443359375 0.2051671140625 0.443359375 0.214983721875 0.447265625 0.22480033124999999 0.451171875 0.22480033124999999 0.4638671875 0.2198920265625 0.470703125 0.21105707968749998 0.470703125 0.2071304359375 0.47265625 0.2051671140625 0.47265625 0.18749721875 0.4677734375 0.178662271875
0 0.208984375 0.5291151890625 0.20703125 0.536968475 0.2099609375 0.5399134578125 0.2197265625 0.5438401015625 0.2275390625 0.553656709375 0.232421875 0.5526750484375 0.244140625 0.5212619015625 0.2412109375 0.5183169203125 0.2255859375 0.5163535984375 0.2236328125 0.5183169203125 0.2197265625 0.5183169203125 0.208984375 0.5291151890625
0 0.185546875 0.252286834375 0.185546875 0.2385435828125 0.169921875 0.2208736875 0.169921875 0.218910365625 0.1650390625 0.21596538281250002 0.1455078125 0.21596538281250002 0.1416015625 0.21792870468749997 0.134765625 0.22480033124999999 0.12890625 0.2365802609375 0.12890625 0.2405069046875 0.123046875 0.25032351249999996 0.12109375 0.2601401203125 0.119140625 0.26210344218750004 0.119140625 0.26799340781250003 0.1171875 0.2699567296875 0.1171875 0.307259840625 0.12890625 0.307259840625 0.1337890625 0.3062781796875 0.1552734375 0.29449825 0.173828125 0.27584669375000004 0.181640625 0.26406676406249996 0.181640625 0.2601401203125 0.185546875 0.252286834375
0 0.248046875 0.2032037921875 0.24609375 0.2012404703125 0.24609375 0.19731382656250002 0.2392578125 0.1924055234375 0.2255859375 0.1943688453125 0.20703125 0.214983721875 0.193359375 0.2385435828125 0.193359375 0.2699567296875 0.1953125 0.2719200515625 0.1953125 0.27584669375000004 0.2109375 0.29744323281249996 0.2138671875 0.300388215625 0.21875 0.299406553125 0.2265625 0.2935165890625 0.2265625 0.28958994531250004 0.240234375 0.26406676406249996 0.2421875 0.252286834375 0.24609375 0.244433546875 0.248046875 0.2032037921875
0 0.294921875 0.28958994531250004 0.294921875 0.28369998125 0.296875 0.28173665937500003 0.296875 0.2660300859375 0.29296875 0.2601401203125 0.2763671875 0.24541520781249998 0.2724609375 0.24541520781249998 0.2705078125 0.24345188593749997 0.2626953125 0.24541520781249998 0.244140625 0.26406676406249996 0.228515625 0.28958994531250004 0.228515625 0.29547991093750003 0.2265625 0.29744323281249996 0.2265625 0.30333319687500004 0.22265625 0.31314980625 0.22265625 0.33670966562500004 0.2275390625 0.3416179703125 0.23828125 0.340636309375 0.2529296875 0.3396546484375 0.2685546875 0.323948075 0.2763671875 0.32002143125 0.2890625 0.30333319687500004 0.2890625 0.299406553125 0.294921875 0.28958994531250004
0 0.3955078125 0.3435812921875 0.3994140625 0.3435812921875 0.41015625 0.33474634375 0.41015625 0.3308197 0.412109375 0.32885637968750003 0.41015625 0.31118648437499996 0.408203125 0.30922316250000004 0.408203125 0.30529651874999997 0.3994140625 0.296461571875 0.3779296875 0.2846816421875 0.3447265625 0.2846816421875 0.3427734375 0.2866449640625 0.3349609375 0.2866449640625 0.3330078125 0.288608284375 0.3271484375 0.288608284375 0.3154296875 0.296461571875 0.3076171875 0.29842489375 0.3037109375 0.3023515375 0.2939453125 0.3062781796875 0.279296875 0.32492973593749996 0.279296875 0.33670966562500004 0.28125 0.340636309375 0.2880859375 0.3455446125 0.2978515625 0.347507934375 0.3056640625 0.3533979 0.3349609375 0.355361221875 0.3369140625 0.3573245421875 0.349609375 0.35634288281250004 0.3603515625 0.355361221875 0.3623046875 0.3533979 0.3759765625 0.351434578125 0.3837890625 0.347507934375 0.3896484375 0.347507934375 0.3955078125 0.3435812921875
0 0.416015625 0.37008613437500004 0.416015625 0.36419616875 0.41796875 0.362232846875 0.41796875 0.34456295312499996 0.4150390625 0.3416179703125 0.4013671875 0.3435812921875 0.3955078125 0.347507934375 0.3857421875 0.34947125625000003 0.3701171875 0.3573245421875 0.3583984375 0.3671411515625 0.3505859375 0.3710677953125 0.3427734375 0.37892108125 0.3232421875 0.3907010109375 0.310546875 0.4034626015625 0.302734375 0.41916917500000006 0.302734375 0.4427290359375 0.3076171875 0.44960066093749995 0.3125 0.45058232187499997 0.310546875 0.4564722875 0.3134765625 0.4594172703125 0.3173828125 0.4594172703125 0.3193359375 0.461380590625 0.333984375 0.46039893125000003 0.3505859375 0.4535273046875 0.3662109375 0.441747375 0.396484375 0.4073892453125 0.40625 0.3877560296875 0.41015625 0.3838293859375 0.416015625 0.37008613437500004
0 0.2666015625 0.47708716406249996 0.2822265625 0.47512384374999994 0.29296875 0.46432557343749997 0.30078125 0.44469235781250005 0.30078125 0.425059140625 0.2958984375 0.42015083593749997 0.2919921875 0.418187515625 0.2685546875 0.418187515625 0.2666015625 0.42015083593749997 0.2568359375 0.42211415781249995 0.2509765625 0.4260408015625 0.2470703125 0.4260408015625 0.2353515625 0.4319307671875 0.2109375 0.454508965625 0.197265625 0.480032146875 0.197265625 0.48592211250000006 0.1953125 0.487885434375 0.205078125 0.505555328125 0.2119140625 0.5124269546875 0.2158203125 0.5143902765624999 0.23046875 0.5134086156250001 0.2353515625 0.5124269546875 0.2421875 0.50751865 0.24609375 0.49966536406250006 0.24609375 0.4937753984375 0.2529296875 0.4829771296875 0.2666015625 0.47708716406249996
0 0.26171875 0.37008613437500004 0.2529296875 0.3612511859375 0.2412109375 0.355361221875 0.2373046875 0.355361221875 0.2275390625 0.34947125625000003 0.2138671875 0.347507934375 0.2060546875 0.3435812921875 0.1826171875 0.3435812921875 0.1806640625 0.3455446125 0.1591796875 0.347507934375 0.1357421875 0.3592878640625 0.12890625 0.3681228125 0.12890625 0.3779394203125 0.1328125 0.3818660640625 0.12890625 0.3877560296875 0.12890625 0.39953595937499997 0.1318359375 0.4024809421875 0.1435546875 0.40837090624999994 0.1513671875 0.40837090624999994 0.1533203125 0.410334228125 0.19921875 0.40935256718749996 0.2158203125 0.406407584375 0.2216796875 0.4024809421875 0.2314453125 0.4005176203125 0.2470703125 0.3926643328125 0.26171875 0.3779394203125 0.26171875 0.37008613437500004
0 0.2470703125 0.1963321671875 0.2529296875 0.1963321671875 0.255859375 0.193387184375 0.25 0.185533896875 0.2392578125 0.17669895 0.2294921875 0.17277230625 0.2255859375 0.1688456625 0.2158203125 0.1649190203125 0.2080078125 0.1590290546875 0.1943359375 0.1570657328125 0.1923828125 0.1590290546875 0.1806640625 0.1590290546875 0.1787109375 0.1609923765625 0.1748046875 0.1609923765625 0.16796875 0.167864003125 0.1640625 0.1816072546875 0.1728515625 0.1924055234375 0.1767578125 0.1924055234375 0.181640625 0.19535050625 0.181640625 0.1992771484375 0.17578125 0.2051671140625 0.177734375 0.21105707968749998 0.1923828125 0.22185534843750002 0.19921875 0.2208736875 0.2021484375 0.2198920265625 0.21875 0.2012404703125 0.21875 0.1992771484375 0.2275390625 0.1924055234375 0.2412109375 0.1924055234375 0.2470703125 0.1963321671875
0 0.3125 0.1914238625 0.3095703125 0.1904422015625 0.2939453125 0.17473562812500001 0.2841796875 0.1688456625 0.2763671875 0.1609923765625 0.2666015625 0.1609923765625 0.259765625 0.1698273234375 0.259765625 0.1737539671875 0.26171875 0.1757172890625 0.259765625 0.189460540625 0.26171875 0.193387184375 0.267578125 0.19731382656250002 0.267578125 0.1992771484375 0.2578125 0.214983721875 0.259765625 0.21694704374999998 0.2578125 0.2208736875 0.2578125 0.2365802609375 0.2607421875 0.23756192187499997 0.2646484375 0.233635278125 0.2685546875 0.233635278125 0.2705078125 0.23559860000000002 0.2802734375 0.23756192187499997 0.2841796875 0.23952524375 0.2958984375 0.2532684953125 0.298828125 0.252286834375 0.306640625 0.24639686875 0.306640625 0.2385435828125 0.3154296875 0.22970863437500003 0.32421875 0.22480033124999999 0.3203125 0.2032037921875 0.3125 0.1914238625
0 0.4130859375 0.1629556984375 0.41015625 0.160010715625 0.408203125 0.15215742968749998 0.4013671875 0.145285803125 0.3935546875 0.14135915937500002 0.3798828125 0.1393958375 0.3720703125 0.13546919531249998 0.3701171875 0.137432515625 0.3603515625 0.13546919531249998 0.3583984375 0.137432515625 0.3466796875 0.137432515625 0.3349609375 0.14332248125 0.326171875 0.15215742968749998 0.322265625 0.1619740375 0.32421875 0.1757172890625 0.330078125 0.183570575 0.3408203125 0.1924055234375 0.3466796875 0.1924055234375 0.3544921875 0.1963321671875 0.3623046875 0.1963321671875 0.3740234375 0.1865155578125 0.3876953125 0.1845522359375 0.3994140625 0.1963321671875 0.4033203125 0.1982954890625 0.41015625 0.19731382656250002 0.4189453125 0.1884788796875 0.4267578125 0.1884788796875 0.431640625 0.183570575 0.431640625 0.1757172890625 0.4267578125 0.170808984375 0.4130859375 0.1629556984375
0 0.447265625 0.2699567296875 0.447265625 0.256213478125 0.44140625 0.252286834375 0.427734375 0.22480033124999999 0.4189453125 0.21596538281250002 0.4169921875 0.21596538281250002 0.4091796875 0.208112096875 0.3935546875 0.200258809375 0.3798828125 0.1963321671875 0.375 0.2012404703125 0.375 0.2071304359375 0.3720703125 0.208112096875 0.3681640625 0.206148775 0.361328125 0.218910365625 0.361328125 0.25425015625 0.36328125 0.256213478125 0.36328125 0.2601401203125 0.3701171875 0.27093839062499997 0.3779296875 0.2748650328125 0.3837890625 0.2807549984375 0.3896484375 0.2827183203125 0.4052734375 0.296461571875 0.41796875 0.29547991093750003 0.4208984375 0.292534928125 0.4248046875 0.29449825 0.4326171875 0.29449825 0.44140625 0.2876266234375 0.44140625 0.28369998125 0.447265625 0.2699567296875
0 0.197265625 0.1168176390625 0.197265625 0.09718442187500001 0.1953125 0.0952211 0.1953125 0.0854044921875 0.1904296875 0.0785328671875 0.185546875 0.0814778484375 0.1796875 0.0952211 0.1728515625 0.10209272656249999 0.1611328125 0.1079826921875 0.1494140625 0.1079826921875 0.1376953125 0.0981660828125 0.1337890625 0.0981660828125 0.130859375 0.1030743875 0.130859375 0.11289099531249999 0.1337890625 0.11779930000000001 0.1474609375 0.11779930000000001 0.1533203125 0.12172594375000001 0.166015625 0.134487534375 0.171875 0.1482307859375 0.1748046875 0.15117576875 0.181640625 0.1501941078125 0.1845703125 0.149212446875 0.189453125 0.1423408203125 0.189453125 0.138414178125 0.1953125 0.126634246875 0.1953125 0.11878096093749999 0.197265625 0.1168176390625
0 0.115234375 0.07755120625 0.111328125 0.0736245625 0.109375 0.067734596875 0.1044921875 0.06478961562499999 0.0830078125 0.06478961562499999 0.080078125 0.0854044921875 0.0859375 0.10111106562500001 0.0859375 0.108964353125 0.0830078125 0.11190933437499999 0.07421875 0.11485431718750001 0.072265625 0.11878096093749999 0.072265625 0.130560890625 0.0771484375 0.13546919531249998 0.0810546875 0.13546919531249998 0.0830078125 0.137432515625 0.1005859375 0.1393958375 0.1162109375 0.147249125 0.125 0.1462674640625 0.126953125 0.1227076046875 0.125 0.1207442828125 0.125 0.11289099531249999 0.119140625 0.09718442187500001 0.119140625 0.0854044921875 0.115234375 0.07755120625
0 0.1416015625 0.1943688453125 0.14453125 0.1914238625 0.14453125 0.1776806109375 0.138671875 0.1698273234375 0.13671875 0.163937359375 0.1259765625 0.1570657328125 0.1181640625 0.149212446875 0.1005859375 0.1393958375 0.0908203125 0.1393958375 0.0888671875 0.137432515625 0.0791015625 0.137432515625 0.0771484375 0.13546919531249998 0.0732421875 0.137432515625 0.0703125 0.1403775 0.0703125 0.160010715625 0.07421875 0.167864003125 0.0703125 0.1737539671875 0.0703125 0.2071304359375 0.0771484375 0.21400206093750002 0.0810546875 0.21400206093750002 0.0830078125 0.21596538281250002 0.1123046875 0.21792870468749997 0.1142578125 0.2198920265625 0.1220703125 0.2198920265625 0.1240234375 0.22185534843750002 0.12890625 0.2208736875 0.1318359375 0.2198920265625 0.13671875 0.2130204 0.13671875 0.2051671140625 0.1328125 0.19731382656250002 0.1376953125 0.1943688453125 0.1416015625 0.1943688453125
0 0.169921875 0.2935165890625 0.1650390625 0.29057160625 0.1611328125 0.29057160625 0.1435546875 0.3023515375 0.1376953125 0.3043148578125 0.130859375 0.31118648437499996 0.126953125 0.31903977031249997 0.125 0.332783021875 0.123046875 0.33474634375 0.125 0.3465262734375 0.1318359375 0.355361221875 0.142578125 0.3543795609375 0.1474609375 0.3533979 0.1513671875 0.34947125625000003 0.1669921875 0.3455446125 0.17578125 0.332783021875 0.17578125 0.307259840625 0.169921875 0.2935165890625
0 0.087890625 0.366159490625 0.0810546875 0.3592878640625 0.0732421875 0.3592878640625 0.068359375 0.36419616875 0.068359375 0.38971935 0.06640625 0.391682671875 0.068359375 0.39364599375 0.068359375 0.4073892453125 0.0869140625 0.4280041234375 0.0908203125 0.42996744531250003 0.09375 0.428985784375 0.09765625 0.4270224625 0.09765625 0.4152425328125 0.103515625 0.40542592343750006 0.103515625 0.39364599375 0.09765625 0.38579270781249997 0.087890625 0.366159490625
0 0.103515625 0.32885637968750003 0.103515625 0.32296641406250004 0.10546875 0.3210030921875 0.10546875 0.31118648437499996 0.1005859375 0.3043148578125 0.0888671875 0.3043148578125 0.0810546875 0.3082415015625 0.076171875 0.31314980625 0.068359375 0.3308197 0.068359375 0.35634288281250004 0.07421875 0.35634288281250004 0.0810546875 0.3533979 0.0849609375 0.355361221875 0.0908203125 0.3533979 0.099609375 0.340636309375 0.1015625 0.3308197 0.103515625 0.32885637968750003
0 0.1787109375 0.4240774796875 0.1689453125 0.42211415781249995 0.1611328125 0.41622419375 0.1572265625 0.41622419375 0.1376953125 0.40837090624999994 0.1298828125 0.40837090624999994 0.1279296875 0.406407584375 0.1240234375 0.40837090624999994 0.1083984375 0.40837090624999994 0.10546875 0.4113158890625 0.1015625 0.425059140625 0.107421875 0.43291242656250006 0.109375 0.4388023921875 0.1240234375 0.4515639828125 0.1513671875 0.46727055625 0.18359375 0.4662888953125 0.1943359375 0.465307234375 0.19921875 0.4564722875 0.197265625 0.454508965625 0.197265625 0.448619 0.193359375 0.4388023921875 0.1787109375 0.4240774796875
0 0.3701171875 0.5281335281249999 0.375 0.5232252234375 0.361328125 0.4977020421875 0.3486328125 0.4829771296875 0.3330078125 0.47512384374999994 0.2880859375 0.47512384374999994 0.2861328125 0.47708716406249996 0.2685546875 0.4790504859375 0.25 0.487885434375 0.248046875 0.491812078125 0.248046875 0.505555328125 0.251953125 0.5134086156250001 0.2685546875 0.53009685 0.2998046875 0.5458034234375 0.318359375 0.5448217625 0.3251953125 0.5399134578125 0.3408203125 0.5399134578125 0.3427734375 0.5379501359375001 0.3466796875 0.5379501359375001 0.3505859375 0.53402349375 0.3701171875 0.5281335281249999
0 0.267578125 0.5310785109375 0.2568359375 0.5183169203125 0.2509765625 0.5183169203125 0.2421875 0.5271518671875 0.232421875 0.5526750484375 0.232421875 0.5585650140625 0.234375 0.5605283359375 0.236328125 0.572308265625 0.240234375 0.57819823125 0.240234375 0.5840881953125 0.2431640625 0.587033178125 0.248046875 0.5860515171875 0.2607421875 0.5811432125 0.26953125 0.572308265625 0.275390625 0.5624916578125 0.275390625 0.5585650140625 0.26953125 0.5448217625 0.267578125 0.5310785109375
0 0.494140625 0.1482307859375 0.49609375 0.1462674640625 0.49609375 0.126634246875 0.490234375 0.11485431718750001 0.4755859375 0.1060193703125 0.4716796875 0.1060193703125 0.4580078125 0.1001294046875 0.4404296875 0.1001294046875 0.435546875 0.10503770937500001 0.435546875 0.108964353125 0.43359375 0.11092767343750001 0.43359375 0.1246709265625 0.431640625 0.126634246875 0.43359375 0.1462674640625 0.435546875 0.1482307859375 0.435546875 0.156084071875 0.4375 0.160010715625 0.4404296875 0.1629556984375 0.4443359375 0.1629556984375 0.4521484375 0.17277230625 0.4560546875 0.17277230625 0.4580078125 0.17473562812500001 0.4619140625 0.17277230625 0.4775390625 0.17277230625 0.4814453125 0.17669895 0.484375 0.1757172890625 0.48828125 0.1698273234375 0.48828125 0.163937359375 0.490234375 0.1619740375 0.490234375 0.15804739375000001 0.494140625 0.1541207515625 0.494140625 0.1482307859375
0 0.3984375 0.08344117031250001 0.390625 0.0952211 0.390625 0.11092767343750001 0.388671875 0.11289099531249999 0.388671875 0.1168176390625 0.3955078125 0.1276159078125 0.4033203125 0.1315425515625 0.408203125 0.130560890625 0.416015625 0.1246709265625 0.423828125 0.10503770937500001 0.423828125 0.0854044921875 0.4150390625 0.0726429015625 0.4072265625 0.0746062234375 0.3984375 0.08344117031250001
0 0.3662109375 0.09227611875 0.3603515625 0.09227611875 0.357421875 0.09718442187500001 0.357421875 0.10111106562500001 0.33984375 0.1168176390625 0.33984375 0.1246709265625 0.3466796875 0.1335058734375 0.3671875 0.1325242125 0.3798828125 0.1276159078125 0.388671875 0.11878096093749999 0.388671875 0.11289099531249999 0.3779296875 0.1040560484375 0.3720703125 0.10209272656249999 0.3662109375 0.09227611875
0 0.5458984375 0.06478961562499999 0.4931640625 0.06282629375 0.4814453125 0.07067957968750001 0.462890625 0.08736781406250001 0.46484375 0.09718442187500001 0.4677734375 0.1001294046875 0.4755859375 0.1040560484375 0.4833984375 0.1040560484375 0.4912109375 0.1079826921875 0.4970703125 0.1079826921875 0.5048828125 0.11387265625000001 0.509765625 0.11289099531249999 0.5205078125 0.1079826921875 0.53125 0.09914774374999999 0.533203125 0.0932577796875 0.552734375 0.071661240625 0.5498046875 0.0667529375 0.5458984375 0.06478961562499999
0 0.7021484375 0.300388215625 0.6962890625 0.300388215625 0.6904296875 0.3043148578125 0.6865234375 0.3043148578125 0.6640625 0.32885637968750003 0.66015625 0.33867298749999997 0.658203125 0.35634288281250004 0.6611328125 0.3612511859375 0.66796875 0.3602695265625 0.6904296875 0.3455446125 0.69921875 0.33474634375 0.701171875 0.3268930578125 0.705078125 0.3210030921875 0.705078125 0.30333319687500004 0.7021484375 0.300388215625
0 0.3525390625 0.3573245421875 0.3486328125 0.3592878640625 0.3466796875 0.3573245421875 0.3310546875 0.3573245421875 0.3291015625 0.355361221875 0.3017578125 0.3533979 0.2978515625 0.347507934375 0.2861328125 0.3455446125 0.28125 0.340636309375 0.27734375 0.32885637968750003 0.2724609375 0.325911396875 0.2666015625 0.32787471875 0.25 0.34259963125000004 0.248046875 0.3504529171875 0.2548828125 0.3573245421875 0.2646484375 0.3612511859375 0.2744140625 0.3691044734375 0.2900390625 0.376957759375 0.2978515625 0.376957759375 0.3173828125 0.384811046875 0.322265625 0.3838293859375 0.3291015625 0.382847725 0.3427734375 0.3749944375 0.3564453125 0.3612511859375 0.3583984375 0.3612511859375 0.359375 0.35830620468749996 0.3525390625 0.3573245421875
0 0.298828125 0.4034626015625 0.30859375 0.395609315625 0.30859375 0.38579270781249997 0.2998046875 0.37892108125 0.2841796875 0.376957759375 0.2822265625 0.37892108125 0.2685546875 0.380884403125 0.2607421875 0.3887376890625 0.2412109375 0.3985542984375 0.236328125 0.40542592343750006 0.236328125 0.4152425328125 0.23828125 0.41916917500000006 0.2431640625 0.4240774796875 0.25390625 0.42309581874999996 0.2607421875 0.42015083593749997 0.2666015625 0.42015083593749997 0.2685546875 0.418187515625 0.2919921875 0.418187515625 0.296875 0.4113158890625 0.298828125 0.4034626015625
0 0.431640625 0.4702155390625 0.431640625 0.46236225312499996 0.4208984375 0.44371069687500003 0.4189453125 0.44371069687500003 0.4072265625 0.4319307671875 0.3916015625 0.4319307671875 0.3857421875 0.43782073125 0.3740234375 0.439784053125 0.3662109375 0.44371069687500003 0.35546875 0.454508965625 0.35546875 0.45843560937500005 0.353515625 0.46039893125000003 0.353515625 0.4702155390625 0.357421875 0.47610550468749996 0.361328125 0.491812078125 0.3671875 0.5035920078125 0.375 0.5134086156250001 0.380859375 0.5271518671875 0.3935546875 0.5418767796874999 0.3974609375 0.5438401015625 0.41015625 0.542858440625 0.41796875 0.538931796875 0.43359375 0.5153719375 0.43359375 0.4937753984375 0.435546875 0.491812078125 0.43359375 0.47217886093750006 0.431640625 0.4702155390625
0 0.466796875 0.4348757484375 0.4580078125 0.4260408015625 0.4384765625 0.4240774796875 0.4287109375 0.4280041234375 0.42578125 0.4348757484375 0.427734375 0.448619 0.4296875 0.45058232187499997 0.4296875 0.4564722875 0.439453125 0.47217886093750006 0.4443359375 0.47708716406249996 0.4501953125 0.4790504859375 0.4599609375 0.4869037734375 0.4716796875 0.4927937375 0.48828125 0.491812078125 0.4921875 0.487885434375 0.4921875 0.483958790625 0.494140625 0.48199546875 0.490234375 0.47217886093750006 0.490234375 0.4662888953125 0.466796875 0.4348757484375
0 0.525390625 0.37204945624999997 0.5087890625 0.3533979 0.4853515625 0.3435812921875 0.470703125 0.3543795609375 0.470703125 0.35634288281250004 0.453125 0.3759760984375 0.44921875 0.3838293859375 0.44921875 0.4034626015625 0.455078125 0.41916917500000006 0.4658203125 0.42996744531250003 0.4736328125 0.4319307671875 0.4833984375 0.43782073125 0.484375 0.43683907031249997 0.4931640625 0.43389408749999997 0.521484375 0.4034626015625 0.525390625 0.39364599375 0.525390625 0.3838293859375 0.52734375 0.3818660640625 0.525390625 0.37204945624999997
0 0.564453125 0.31118648437499996 0.564453125 0.307259840625 0.556640625 0.301369875 0.55859375 0.29744323281249996 0.55859375 0.28173665937500003 0.5537109375 0.2748650328125 0.5439453125 0.2748650328125 0.5341796875 0.2787916765625 0.53125 0.28369998125 0.53125 0.29155326718749996 0.5146484375 0.3023515375 0.5078125 0.30922316250000004 0.50390625 0.3170764484375 0.50390625 0.340636309375 0.5078125 0.3484895953125 0.5224609375 0.36321450781250003 0.5234375 0.362232846875 0.5322265625 0.3592878640625 0.5361328125 0.355361221875 0.5458984375 0.3533979 0.564453125 0.332783021875 0.56640625 0.31314980625 0.564453125 0.31118648437499996
0 0.4580078125 0.3023515375 0.4482421875 0.300388215625 0.4462890625 0.29842489375 0.4345703125 0.300388215625 0.4228515625 0.3082415015625 0.4140625 0.3170764484375 0.416015625 0.332783021875 0.419921875 0.340636309375 0.4267578125 0.347507934375 0.4345703125 0.351434578125 0.4443359375 0.351434578125 0.4462890625 0.3533979 0.458984375 0.35241623906249997 0.4658203125 0.34947125625000003 0.470703125 0.34456295312499996 0.474609375 0.33474634375 0.48046875 0.3268930578125 0.474609375 0.3151131265625 0.4580078125 0.3023515375
0 0.4970703125 0.259158459375 0.4853515625 0.265048425 0.4814453125 0.265048425 0.4736328125 0.26897506875 0.46875 0.27584669375000004 0.46875 0.2797733375 0.4775390625 0.288608284375 0.4873046875 0.292534928125 0.498046875 0.29155326718749996 0.513671875 0.28566330156249997 0.515625 0.27584669375000004 0.513671875 0.273883371875 0.513671875 0.2660300859375 0.5087890625 0.259158459375 0.4970703125 0.259158459375
0 0.57421875 0.256213478125 0.5595703125 0.23952524375 0.5537109375 0.23952524375 0.5458984375 0.233635278125 0.5400390625 0.233635278125 0.537109375 0.2365802609375 0.537109375 0.252286834375 0.5390625 0.25425015625 0.541015625 0.26406676406249996 0.546875 0.2719200515625 0.5517578125 0.2729017109375 0.5615234375 0.2846816421875 0.5703125 0.28369998125 0.5751953125 0.2807549984375 0.5791015625 0.2807549984375 0.58203125 0.27781001562499996 0.58203125 0.26799340781250003 0.576171875 0.26406676406249996 0.57421875 0.256213478125
0 0.5537109375 0.206148775 0.546875 0.21105707968749998 0.546875 0.218910365625 0.55078125 0.22480033124999999 0.55078125 0.2287269734375 0.5556640625 0.233635278125 0.5595703125 0.233635278125 0.5673828125 0.23756192187499997 0.576171875 0.2365802609375 0.5849609375 0.233635278125 0.587890625 0.2287269734375 0.587890625 0.2208736875 0.5810546875 0.212038740625 0.5673828125 0.206148775 0.5537109375 0.206148775
0 0.5205078125 0.170808984375 0.5166015625 0.170808984375 0.5146484375 0.17277230625 0.5126953125 0.170808984375 0.5068359375 0.170808984375 0.5 0.1757172890625 0.5 0.183570575 0.5048828125 0.1865155578125 0.5107421875 0.1943688453125 0.5185546875 0.1982954890625 0.533203125 0.19731382656250002 0.5400390625 0.1963321671875 0.546875 0.18749721875 0.546875 0.183570575 0.5400390625 0.17669895 0.5341796875 0.17669895 0.5205078125 0.170808984375
0 0.5849609375 0.1629556984375 0.5830078125 0.1649190203125 0.5654296875 0.1668823421875 0.560546875 0.1717906453125 0.560546875 0.1776806109375 0.5654296875 0.1865155578125 0.5712890625 0.1865155578125 0.5771484375 0.1904422015625 0.59375 0.189460540625 0.5986328125 0.1884788796875 0.60546875 0.1796439328125 0.607421875 0.167864003125 0.6044921875 0.1649190203125 0.6005859375 0.1629556984375 0.5849609375 0.1629556984375
0 0.654296875 0.1207442828125 0.6435546875 0.1079826921875 0.6396484375 0.1060193703125 0.6220703125 0.1060193703125 0.6181640625 0.1099460140625 0.6142578125 0.1099460140625 0.6083984375 0.11387265625000001 0.599609375 0.1227076046875 0.599609375 0.1325242125 0.603515625 0.138414178125 0.603515625 0.1423408203125 0.6083984375 0.145285803125 0.6181640625 0.1570657328125 0.6279296875 0.1590290546875 0.6357421875 0.1629556984375 0.642578125 0.1619740375 0.6513671875 0.1590290546875 0.662109375 0.1501941078125 0.666015625 0.13645085625 0.6591796875 0.13546919531249998 0.65625 0.1325242125 0.654296875 0.1207442828125
0 0.6044921875 0.06478961562499999 0.5712890625 0.06478961562499999 0.5654296875 0.0687162578125 0.564453125 0.071661240625 0.546875 0.08736781406250001 0.5458984375 0.090312796875 0.5419921875 0.090312796875 0.537109375 0.09914774374999999 0.5263671875 0.1099460140625 0.517578125 0.11485431718750001 0.517578125 0.1207442828125 0.5224609375 0.1236892640625 0.5302734375 0.1236892640625 0.5361328125 0.1276159078125 0.5595703125 0.1276159078125 0.5654296875 0.1315425515625 0.56640625 0.130560890625 0.5869140625 0.119762621875 0.607421875 0.09718442187500001 0.611328125 0.08736781406250001 0.611328125 0.06969791875 0.6083984375 0.0667529375 0.6044921875 0.06478961562499999
0 0.71875 0.071661240625 0.7138671875 0.0667529375 0.6728515625 0.0667529375 0.6708984375 0.06478961562499999 0.6611328125 0.06478961562499999 0.6572265625 0.0667529375 0.654296875 0.071661240625 0.654296875 0.0854044921875 0.65234375 0.08736781406250001 0.65625 0.1030743875 0.6787109375 0.1236892640625 0.6845703125 0.1236892640625 0.6923828125 0.1295792296875 0.701171875 0.12859756875 0.7041015625 0.1276159078125 0.716796875 0.11485431718750001 0.72265625 0.10111106562500001 0.724609375 0.0854044921875 0.720703125 0.0795145265625 0.71875 0.071661240625
0 0.66796875 0.2012404703125 0.666015625 0.185533896875 0.6591796875 0.178662271875 0.6513671875 0.17473562812500001 0.6279296875 0.17473562812500001 0.62109375 0.185533896875 0.62109375 0.189460540625 0.6181640625 0.1924055234375 0.6142578125 0.1924055234375 0.609375 0.2012404703125 0.609375 0.2130204 0.615234375 0.2208736875 0.6171875 0.2326536171875 0.6279296875 0.24148856406250002 0.638671875 0.2405069046875 0.6474609375 0.233635278125 0.6533203125 0.233635278125 0.66015625 0.226763653125 0.6640625 0.218910365625 0.6640625 0.21105707968749998 0.66796875 0.2012404703125
0 0.7333984375 0.351434578125 0.7294921875 0.351434578125 0.7275390625 0.34947125625000003 0.7177734375 0.34947125625000003 0.7158203125 0.351434578125 0.7060546875 0.351434578125 0.7021484375 0.3533979 0.693359375 0.37008613437500004 0.693359375 0.3779394203125 0.69140625 0.3799027421875 0.693359375 0.39364599375 0.7021484375 0.4024809421875 0.7041015625 0.4024809421875 0.7119140625 0.41229755 0.7197265625 0.41622419375 0.7255859375 0.41622419375 0.7275390625 0.418187515625 0.7412109375 0.418187515625 0.7431640625 0.42015083593749997 0.75 0.41916917500000006 0.7646484375 0.418187515625 0.76953125 0.4132792109375 0.767578125 0.39364599375 0.759765625 0.374012778125 0.7509765625 0.36321450781250003 0.7333984375 0.351434578125
0 0.701171875 0.4152425328125 0.689453125 0.3838293859375 0.6787109375 0.373031115625 0.6689453125 0.3671411515625 0.6552734375 0.3651778296875 0.6533203125 0.36321450781250003 0.6396484375 0.36321450781250003 0.62890625 0.374012778125 0.619140625 0.391682671875 0.619140625 0.3975726375 0.615234375 0.40542592343750006 0.615234375 0.417205853125 0.6171875 0.421132496875 0.6259765625 0.42996744531250003 0.6396484375 0.43782073125 0.6513671875 0.44960066093749995 0.6572265625 0.4515639828125 0.6689453125 0.461380590625 0.6728515625 0.461380590625 0.6748046875 0.46334391249999995 0.689453125 0.46236225312499996 0.693359375 0.46039893125000003 0.693359375 0.4564722875 0.703125 0.4427290359375 0.703125 0.425059140625 0.701171875 0.42309581874999996 0.701171875 0.4152425328125
0 0.53125 0.5801615531250001 0.529296875 0.57819823125 0.529296875 0.5742715875 0.5263671875 0.5713266046875 0.5205078125 0.5713266046875 0.5185546875 0.5732899265625 0.5146484375 0.5732899265625 0.5126953125 0.5713266046875 0.5107421875 0.5732899265625 0.5087890625 0.5713266046875 0.4912109375 0.5713266046875 0.48046875 0.5821248734375 0.48046875 0.5939048046875001 0.482421875 0.595868125 0.482421875 0.601758090625 0.486328125 0.6096113765625 0.48828125 0.6194279859375 0.5 0.6429878453125 0.5107421875 0.653786115625 0.5146484375 0.653786115625 0.5166015625 0.6557494359375 0.5234375 0.654767775 0.53125 0.6488778109375 0.53125 0.6449511671875 0.533203125 0.6429878453125 0.533203125 0.60764805625 0.53125 0.605684734375 0.53125 0.5801615531250001
0 0.46875 0.6096113765625 0.46875 0.5860515171875 0.470703125 0.5840881953125 0.470703125 0.572308265625 0.46484375 0.5605283359375 0.462890625 0.5507117265625 0.45703125 0.54089511875 0.4501953125 0.53402349375 0.4423828125 0.53009685 0.4287109375 0.5281335281249999 0.4130859375 0.5438401015625 0.400390625 0.546785084375 0.400390625 0.5507117265625 0.3984375 0.5526750484375 0.3984375 0.5605283359375 0.400390625 0.5624916578125 0.400390625 0.5860515171875 0.40234375 0.5880148390625 0.40234375 0.59979476875 0.404296875 0.601758090625 0.40625 0.6155013421875 0.408203125 0.6174646640625 0.412109375 0.6331712375 0.421875 0.652804453125 0.4326171875 0.6636027234374999 0.443359375 0.6626210625 0.455078125 0.6488778109375 0.458984375 0.6410245234375 0.458984375 0.6370978796875 0.462890625 0.631207915625 0.462890625 0.62531795 0.46875 0.6096113765625
0 0.55859375 0.7097407828125 0.556640625 0.7077774609375 0.556640625 0.6920708875 0.548828125 0.6704743484375 0.5361328125 0.6557494359375 0.5302734375 0.653786115625 0.5205078125 0.6616394015625 0.505859375 0.6626210625 0.505859375 0.7038508171875 0.50390625 0.7058141390625 0.50390625 0.72544735625 0.505859375 0.7274106765624999 0.505859375 0.7372272859375 0.5078125 0.73919060625 0.5078125 0.74311725 0.517578125 0.7588238234375 0.5439453125 0.7872919875 0.55078125 0.7863103265625 0.552734375 0.7823836843749999 0.552734375 0.772567075 0.556640625 0.7627504671875001 0.556640625 0.7411539281249999 0.55859375 0.73919060625 0.55859375 0.7097407828125
0 0.6201171875 0.700905834375 0.6123046875 0.696979190625 0.5888671875 0.696979190625 0.583984375 0.7018874953124999 0.583984375 0.7058141390625 0.58984375 0.715630746875 0.58984375 0.7215207125 0.59375 0.7293739984375 0.59375 0.7372272859375 0.595703125 0.7411539281249999 0.5986328125 0.742135590625 0.6103515625 0.7539155203125001 0.658203125 0.752933859375 0.662109375 0.74704389375 0.662109375 0.74311725 0.658203125 0.7372272859375 0.6513671875 0.7283923375 0.6376953125 0.7185757296874999 0.6201171875 0.700905834375
0 0.80859375 0.719557390625 0.806640625 0.71759406875 0.8046875 0.6999241734375 0.7919921875 0.6891259046875 0.7861328125 0.6930525484375 0.7666015625 0.6930525484375 0.7646484375 0.6950158703125 0.7568359375 0.6950158703125 0.7470703125 0.6910892265624999 0.7421875 0.697960853125 0.740234375 0.71759406875 0.7421875 0.719557390625 0.7421875 0.723484034375 0.751953125 0.7372272859375 0.7685546875 0.7519521984375 0.7724609375 0.7519521984375 0.7802734375 0.7558788421875 0.7880859375 0.7558788421875 0.7900390625 0.7539155203125001 0.7919921875 0.7558788421875 0.802734375 0.7548971796874999 0.8056640625 0.7539155203125001 0.80859375 0.7490072156250001 0.806640625 0.745080571875 0.806640625 0.7411539281249999 0.80859375 0.73919060625 0.80859375 0.719557390625
0 0.75 0.595868125 0.7314453125 0.57721656875 0.7197265625 0.5713266046875 0.6923828125 0.5379501359375001 0.6806640625 0.5379501359375001 0.677734375 0.54089511875 0.677734375 0.54874840625 0.67578125 0.5507117265625 0.673828125 0.5644549796875 0.669921875 0.572308265625 0.669921875 0.5821248734375 0.6796875 0.5899781609375 0.677734375 0.5939048046875001 0.677734375 0.605684734375 0.6796875 0.6096113765625 0.6904296875 0.620409646875 0.7158203125 0.6341528984375 0.7197265625 0.6341528984375 0.7216796875 0.6361162203124999 0.736328125 0.635134559375 0.7392578125 0.6321895765625001 0.7490234375 0.6282629328125 0.7578125 0.6174646640625 0.7578125 0.6096113765625 0.75390625 0.605684734375 0.75 0.595868125
0 0.7080078125 0.667529365625 0.7001953125 0.6636027234374999 0.6943359375 0.6636027234374999 0.6904296875 0.6694926875 0.6806640625 0.671456009375 0.6728515625 0.6812726171875 0.6708984375 0.679309296875 0.66796875 0.6822542796875 0.6630859375 0.6930525484375 0.6552734375 0.6950158703125 0.65234375 0.697960853125 0.65234375 0.719557390625 0.654296875 0.7215207125 0.654296875 0.7293739984375 0.66015625 0.73919060625 0.6650390625 0.7440989109375 0.6767578125 0.7499888765625 0.697265625 0.7490072156250001 0.7177734375 0.742135590625 0.7265625 0.7333006421875 0.73046875 0.723484034375 0.73046875 0.6822542796875 0.7177734375 0.6694926875 0.7080078125 0.667529365625
0 0.68359375 0.6410245234375 0.685546875 0.6390612015625 0.685546875 0.6213913078125 0.6708984375 0.6027397515625 0.6630859375 0.6027397515625 0.6494140625 0.612556359375 0.6376953125 0.612556359375 0.6357421875 0.61451968125 0.6318359375 0.61451968125 0.6201171875 0.608629715625 0.615234375 0.6115746984375 0.615234375 0.654767775 0.6171875 0.656731096875 0.6171875 0.6606577406249999 0.625 0.6685110265625 0.630859375 0.6802909578125 0.6396484375 0.6891259046875 0.646484375 0.6881442437499999 0.6533203125 0.6871625828125 0.6640625 0.6802909578125 0.669921875 0.6704743484375 0.673828125 0.6685110265625 0.68359375 0.6469144890625 0.68359375 0.6410245234375
0 0.607421875 0.62924459375 0.6015625 0.6096113765625 0.5947265625 0.6047030734375001 0.5869140625 0.6027397515625 0.580078125 0.595868125 0.580078125 0.5939048046875001 0.5732421875 0.5889965 0.5693359375 0.587033178125 0.5595703125 0.587033178125 0.5517578125 0.5831065343749999 0.541015625 0.595868125 0.53515625 0.60764805625 0.53515625 0.6194279859375 0.541015625 0.62924459375 0.541015625 0.6331712375 0.544921875 0.6370978796875 0.5546875 0.656731096875 0.5791015625 0.679309296875 0.5908203125 0.6851992609375 0.603515625 0.6842176 0.61328125 0.6783276359375 0.6171875 0.6704743484375 0.6171875 0.66654770625 0.61328125 0.656731096875 0.61328125 0.6370978796875 0.607421875 0.62924459375
0 0.587890625 0.536968475 0.58984375 0.535005153125 0.58984375 0.5251885453125 0.583984375 0.517335259375 0.580078125 0.509481971875 0.580078125 0.505555328125 0.57421875 0.4957387203125 0.5673828125 0.48886709531249994 0.5615234375 0.4869037734375 0.5576171875 0.4829771296875 0.5400390625 0.473160521875 0.537109375 0.47610550468749996 0.533203125 0.483958790625 0.533203125 0.487885434375 0.529296875 0.4937753984375 0.529296875 0.51144529375 0.53125 0.5134086156250001 0.53125 0.5212619015625 0.53515625 0.5310785109375 0.537109375 0.54874840625 0.541015625 0.5566016921875 0.541015625 0.5624916578125 0.548828125 0.576234909375 0.5537109375 0.5811432125 0.5615234375 0.58506985625 0.568359375 0.5840881953125 0.5703125 0.5801615531250001 0.5703125 0.572308265625 0.580078125 0.5624916578125 0.58203125 0.5546383703125 0.5859375 0.54874840625 0.587890625 0.536968475
0 0.67578125 0.54089511875 0.677734375 0.538931796875 0.677734375 0.5232252234375 0.67578125 0.5212619015625 0.67578125 0.51144529375 0.671875 0.5016286859375 0.6689453125 0.49868370312500004 0.6650390625 0.49868370312500004 0.6591796875 0.4927937375 0.6494140625 0.4927937375 0.6396484375 0.48886709531249994 0.6318359375 0.48886709531249994 0.6240234375 0.4927937375 0.615234375 0.5016286859375 0.61328125 0.50751865 0.599609375 0.517335259375 0.59375 0.5271518671875 0.59375 0.54874840625 0.6015625 0.568381621875 0.603515625 0.5821248734375 0.607421875 0.5860515171875 0.607421875 0.5899781609375 0.61328125 0.601758090625 0.6201171875 0.608629715625 0.6298828125 0.612556359375 0.6328125 0.6115746984375 0.6455078125 0.608629715625 0.66015625 0.5919414828125 0.671875 0.5664183 0.671875 0.5605283359375 0.67578125 0.5507117265625 0.67578125 0.54089511875
0 0.6435546875 0.4476373390625 0.6396484375 0.4476373390625 0.6337890625 0.44371069687500003 0.6298828125 0.44567401875 0.626953125 0.46039893125000003 0.625 0.46236225312499996 0.625 0.47217886093750006 0.630859375 0.48199546875 0.6376953125 0.4869037734375 0.6435546875 0.4869037734375 0.6455078125 0.48886709531249994 0.658203125 0.487885434375 0.6689453125 0.4869037734375 0.6865234375 0.4790504859375 0.693359375 0.4702155390625 0.693359375 0.46432557343749997 0.6728515625 0.46334391249999995 0.6435546875 0.4476373390625
0 0.6083984375 0.4240774796875 0.6005859375 0.4240774796875 0.5908203125 0.43389408749999997 0.5712890625 0.43389408749999997 0.568359375 0.4388023921875 0.568359375 0.4564722875 0.5703125 0.45843560937500005 0.5703125 0.46236225312499996 0.57421875 0.4702155390625 0.57421875 0.47610550468749996 0.580078125 0.487885434375 0.580078125 0.491812078125 0.5947265625 0.5104636328125001 0.5986328125 0.5104636328125001 0.6005859375 0.5124269546875 0.603515625 0.51144529375 0.61328125 0.5035920078125 0.62109375 0.48199546875 0.62109375 0.45058232187499997 0.6171875 0.44469235781250005 0.615234375 0.43291242656250006 0.6083984375 0.4240774796875
0 0.61328125 0.3877560296875 0.6171875 0.3799027421875 0.6171875 0.366159490625 0.60546875 0.3465262734375 0.5888671875 0.3337646828125 0.5810546875 0.3337646828125 0.5791015625 0.3357280046875 0.5693359375 0.3337646828125 0.556640625 0.34456295312499996 0.5546875 0.3504529171875 0.548828125 0.35830620468749996 0.548828125 0.362232846875 0.54296875 0.3759760984375 0.54296875 0.4113158890625 0.546875 0.421132496875 0.5556640625 0.4319307671875 0.580078125 0.43291242656250006 0.5869140625 0.4319307671875 0.5927734375 0.4280041234375 0.607421875 0.4073892453125 0.609375 0.3975726375 0.61328125 0.391682671875 0.61328125 0.3877560296875
0 0.541015625 0.4388023921875 0.5361328125 0.43389408749999997 0.5263671875 0.42996744531250003 0.5185546875 0.4240774796875 0.5009765625 0.4280041234375 0.490234375 0.4388023921875 0.486328125 0.44665567968750003 0.486328125 0.454508965625 0.4921875 0.4662888953125 0.494140625 0.480032146875 0.5009765625 0.48494045156250004 0.5048828125 0.4829771296875 0.5087890625 0.48494045156250004 0.51171875 0.483958790625 0.5166015625 0.4829771296875 0.5322265625 0.469233878125 0.5341796875 0.469233878125 0.537109375 0.4662888953125 0.541015625 0.4564722875 0.541015625 0.4388023921875
0 0.5166015625 0.506536990625 0.5146484375 0.506536990625 0.5029296875 0.4927937375 0.4931640625 0.4927937375 0.4873046875 0.49672038125 0.4814453125 0.49672038125 0.4794921875 0.49868370312500004 0.4521484375 0.49868370312500004 0.4501953125 0.49672038125 0.447265625 0.5016286859375 0.4609375 0.5291151890625 0.4609375 0.5330418328125 0.466796875 0.546785084375 0.4873046875 0.5634733187500001 0.4951171875 0.5673999609375 0.4990234375 0.5673999609375 0.5009765625 0.5693632828124999 0.517578125 0.568381621875 0.529296875 0.5605283359375 0.53515625 0.5448217625 0.533203125 0.54089511875 0.533203125 0.5310785109375 0.525390625 0.5153719375 0.5166015625 0.506536990625
0 0.5439453125 0.43782073125 0.541015625 0.4407657140625 0.541015625 0.4564722875 0.53515625 0.4682522171875 0.5400390625 0.473160521875 0.5458984375 0.47512384374999994 0.5595703125 0.48494045156250004 0.5634765625 0.48494045156250004 0.5693359375 0.48886709531249994 0.57421875 0.487885434375 0.578125 0.483958790625 0.5703125 0.46236225312499996 0.5595703125 0.44960066093749995 0.5517578125 0.44567401875 0.55078125 0.4427290359375 0.5439453125 0.43782073125
0 0.6025390625 0.9207978609374999 0.6123046875 0.9149078968750001 0.6162109375 0.9149078968750001 0.619140625 0.921779521875 0.6240234375 0.9247245046874999 0.6298828125 0.9247245046874999 0.63671875 0.9178528796875 0.634765625 0.8825130890624999 0.6318359375 0.87956810625 0.6220703125 0.87956810625 0.6201171875 0.877604784375 0.6162109375 0.877604784375 0.61328125 0.866806515625 0.603515625 0.858953228125 0.603515625 0.8530632640625001 0.595703125 0.831466725 0.595703125 0.8079068656249999 0.6025390625 0.7990719171875 0.6123046875 0.795145275 0.6220703125 0.795145275 0.6279296875 0.7990719171875 0.6357421875 0.797108596875 0.640625 0.7902369703125001 0.640625 0.7804203625 0.63671875 0.774530396875 0.6279296875 0.767658771875 0.6025390625 0.7519521984375 0.5947265625 0.7519521984375 0.591796875 0.7548971796874999 0.587890625 0.7686404328124999 0.580078125 0.7823836843749999 0.5751953125 0.7872919875 0.5673828125 0.79121863125 0.5634765625 0.79121863125 0.5556640625 0.8029985609375 0.5537109375 0.8010352390625 0.5400390625 0.8010352390625 0.5380859375 0.7990719171875 0.5341796875 0.7990719171875 0.525390625 0.80594354375 0.525390625 0.8216501171875 0.529296875 0.8295034031249999 0.52734375 0.831466725 0.52734375 0.8393200125 0.515625 0.8530632640625001 0.515625 0.8707331593750001 0.517578125 0.8726964796875001 0.515625 0.8825130890624999 0.517578125 0.8864397328125 0.515625 0.888403053125 0.515625 0.9080362703124999 0.51171875 0.9139262359375 0.51171875 0.9257061656250001 0.5205078125 0.936504434375 0.560546875 0.9355227734374999 0.564453125 0.929632809375 0.5712890625 0.9247245046874999 0.5771484375 0.9247245046874999 0.5791015625 0.9266878265624999 0.5869140625 0.9227611828125 0.6025390625 0.9207978609374999
0 0.7490234375 0.5183169203125 0.7412109375 0.5143902765624999 0.7177734375 0.5143902765624999 0.7158203125 0.5163535984375 0.7099609375 0.5163535984375 0.697265625 0.5291151890625 0.697265625 0.538931796875 0.701171875 0.54874840625 0.716796875 0.5644549796875 0.716796875 0.5664183 0.7275390625 0.5752532484375 0.7353515625 0.5791798906250001 0.75 0.57819823125 0.755859375 0.572308265625 0.755859375 0.568381621875 0.765625 0.5585650140625 0.765625 0.538931796875 0.763671875 0.535005153125 0.7490234375 0.5183169203125
0 0.87109375 0.5212619015625 0.87109375 0.5134086156250001 0.861328125 0.4937753984375 0.8505859375 0.4829771296875 0.8408203125 0.4810138078125 0.8369140625 0.473160521875 0.8271484375 0.469233878125 0.8212890625 0.469233878125 0.8134765625 0.461380590625 0.8095703125 0.461380590625 0.802734375 0.4702155390625 0.802734375 0.48199546875 0.796875 0.4937753984375 0.796875 0.5035920078125 0.802734375 0.517335259375 0.810546875 0.5271518671875 0.810546875 0.54089511875 0.818359375 0.5507117265625 0.8203125 0.5566016921875 0.828125 0.5644549796875 0.828125 0.568381621875 0.8369140625 0.57721656875 0.8466796875 0.5831065343749999 0.84765625 0.5821248734375 0.8623046875 0.5713266046875 0.873046875 0.5585650140625 0.873046875 0.5546383703125 0.875 0.5526750484375 0.875 0.5310785109375 0.87109375 0.5212619015625
0 0.7646484375 0.4927937375 0.7607421875 0.48886709531249994 0.7490234375 0.4829771296875 0.7431640625 0.4829771296875 0.7294921875 0.47119720000000004 0.7265625 0.47217886093750006 0.728515625 0.487885434375 0.736328125 0.5035920078125 0.7666015625 0.5359868156250001 0.7724609375 0.5359868156250001 0.7841796875 0.5418767796874999 0.798828125 0.54089511875 0.80859375 0.5330418328125 0.80859375 0.5271518671875 0.798828125 0.517335259375 0.796875 0.51144529375 0.7900390625 0.50457366875 0.7646484375 0.4927937375
0 0.798828125 0.4348757484375 0.7861328125 0.42015083593749997 0.7763671875 0.418187515625 0.7744140625 0.42015083593749997 0.7509765625 0.42015083593749997 0.7490234375 0.42211415781249995 0.7392578125 0.42211415781249995 0.7265625 0.4348757484375 0.72265625 0.45058232187499997 0.724609375 0.45254564375 0.724609375 0.46039893125000003 0.7314453125 0.469233878125 0.7412109375 0.47119720000000004 0.7490234375 0.47512384374999994 0.7568359375 0.4829771296875 0.7724609375 0.48886709531249994 0.7783203125 0.48886709531249994 0.7802734375 0.4908304171875 0.794921875 0.48984875624999996 0.798828125 0.48592211250000006 0.798828125 0.48199546875 0.80078125 0.480032146875 0.802734375 0.4564722875 0.798828125 0.44665567968750003 0.798828125 0.4348757484375
0 0.927734375 0.40935256718749996 0.923828125 0.39953595937499997 0.923828125 0.38971935 0.908203125 0.36419616875 0.8994140625 0.3573245421875 0.8916015625 0.3573245421875 0.8818359375 0.3671411515625 0.8740234375 0.3691044734375 0.8671875 0.374012778125 0.8671875 0.3799027421875 0.865234375 0.3818660640625 0.865234375 0.40149928125 0.873046875 0.421132496875 0.873046875 0.43094910625000005 0.9072265625 0.4554906265625 0.9111328125 0.45745394843750004 0.916015625 0.4564722875 0.923828125 0.44665567968750003 0.923828125 0.4427290359375 0.92578125 0.4407657140625 0.92578125 0.4270224625 0.927734375 0.425059140625 0.927734375 0.40935256718749996
0 0.9091796875 0.2729017109375 0.9052734375 0.26897506875 0.9013671875 0.26897506875 0.8994140625 0.267011746875 0.8876953125 0.267011746875 0.8798828125 0.27093839062499997 0.8662109375 0.27093839062499997 0.8642578125 0.2729017109375 0.8603515625 0.2729017109375 0.85546875 0.27781001562499996 0.85546875 0.2935165890625 0.859375 0.301369875 0.8681640625 0.3082415015625 0.888671875 0.307259840625 0.8994140625 0.3043148578125 0.908203125 0.29547991093750003 0.916015625 0.28369998125 0.916015625 0.27584669375000004 0.9130859375 0.2729017109375 0.9091796875 0.2729017109375
0 0.8193359375 0.3121681453125 0.8115234375 0.3082415015625 0.8017578125 0.3082415015625 0.798828125 0.31118648437499996 0.798828125 0.3210030921875 0.7958984375 0.325911396875 0.7802734375 0.32787471875 0.771484375 0.332783021875 0.76953125 0.340636309375 0.7744140625 0.347507934375 0.7841796875 0.34947125625000003 0.7861328125 0.351434578125 0.7939453125 0.351434578125 0.8017578125 0.355361221875 0.8134765625 0.3671411515625 0.82421875 0.366159490625 0.830078125 0.3602695265625 0.837890625 0.34456295312499996 0.8359375 0.3268930578125 0.83203125 0.31903977031249997 0.8251953125 0.3121681453125 0.8193359375 0.3121681453125
0 0.8876953125 0.22970863437500003 0.8720703125 0.21596538281250002 0.8642578125 0.212038740625 0.84765625 0.1914238625 0.84375 0.1796439328125 0.8388671875 0.17473562812500001 0.8349609375 0.17473562812500001 0.83203125 0.1776806109375 0.83203125 0.1816072546875 0.826171875 0.193387184375 0.826171875 0.2208736875 0.82421875 0.222837009375 0.82421875 0.2346169390625 0.828125 0.244433546875 0.8486328125 0.263085103125 0.8525390625 0.265048425 0.8603515625 0.265048425 0.8623046875 0.267011746875 0.865234375 0.2660300859375 0.8720703125 0.265048425 0.8876953125 0.2552318171875 0.896484375 0.244433546875 0.896484375 0.2365802609375 0.8935546875 0.23167195624999998 0.8876953125 0.22970863437500003
0 0.9296875 0.1698273234375 0.923828125 0.15804739375000001 0.923828125 0.1541207515625 0.9150390625 0.145285803125 0.8857421875 0.1335058734375 0.8701171875 0.1335058734375 0.8603515625 0.137432515625 0.849609375 0.1462674640625 0.84375 0.15804739375000001 0.84375 0.1796439328125 0.84765625 0.189460540625 0.861328125 0.2090937578125 0.8701171875 0.21400206093750002 0.8837890625 0.2257819921875 0.8916015625 0.22774531250000002 0.8974609375 0.23167195624999998 0.91015625 0.2306902953125 0.9169921875 0.22970863437500003 0.927734375 0.2208736875 0.93359375 0.2051671140625 0.931640625 0.1776806109375 0.9296875 0.1757172890625 0.9296875 0.1698273234375
0 0.8271484375 0.24934185156250002 0.8251953125 0.2513051734375 0.8154296875 0.2513051734375 0.8115234375 0.24934185156250002 0.798828125 0.2601401203125 0.791015625 0.2719200515625 0.791015625 0.28369998125 0.79296875 0.2876266234375 0.7958984375 0.29057160625 0.8095703125 0.296461571875 0.8154296875 0.296461571875 0.8173828125 0.29842489375 0.8232421875 0.29842489375 0.8330078125 0.3023515375 0.83984375 0.301369875 0.8447265625 0.300388215625 0.8515625 0.28958994531250004 0.845703125 0.273883371875 0.849609375 0.2719200515625 0.849609375 0.26799340781250003 0.8271484375 0.24934185156250002
0 0.6748046875 0.27093839062499997 0.6513671875 0.27093839062499997 0.6494140625 0.2729017109375 0.6455078125 0.2729017109375 0.6357421875 0.2787916765625 0.630859375 0.28369998125 0.626953125 0.29155326718749996 0.626953125 0.29547991093750003 0.6376953125 0.3062781796875 0.6494140625 0.3121681453125 0.658203125 0.31118648437499996 0.666015625 0.30529651874999997 0.66796875 0.29547991093750003 0.681640625 0.28369998125 0.67578125 0.27781001562499996 0.677734375 0.273883371875 0.6748046875 0.27093839062499997
0 0.869140625 0.42309581874999996 0.87109375 0.421132496875 0.865234375 0.40935256718749996 0.8603515625 0.40444426250000004 0.8544921875 0.4024809421875 0.8486328125 0.3946276546875 0.8447265625 0.3946276546875 0.8251953125 0.4024809421875 0.8193359375 0.40837090624999994 0.8076171875 0.414260871875 0.802734375 0.421132496875 0.8046875 0.4407657140625 0.8125 0.45843560937500005 0.8251953125 0.469233878125 0.84375 0.4682522171875 0.8505859375 0.465307234375 0.86328125 0.45254564375 0.8671875 0.44469235781250005 0.8671875 0.4388023921875 0.869140625 0.43683907031249997 0.869140625 0.42309581874999996
0 0.921875 0.5134086156250001 0.923828125 0.51144529375 0.923828125 0.48592211250000006 0.921875 0.483958790625 0.919921875 0.4741421828125 0.9111328125 0.465307234375 0.9013671875 0.46334391249999995 0.8935546875 0.45745394843750004 0.8837890625 0.4554906265625 0.8798828125 0.4594172703125 0.8740234375 0.461380590625 0.87109375 0.4662888953125 0.861328125 0.4741421828125 0.859375 0.4780688265625 0.859375 0.48592211250000006 0.8671875 0.4977020421875 0.873046875 0.5134086156250001 0.873046875 0.5212619015625 0.875 0.5232252234375 0.875 0.5310785109375 0.876953125 0.5330418328125 0.876953125 0.5566016921875 0.8837890625 0.5654366390625001 0.890625 0.5664183 0.8994140625 0.5654366390625001 0.908203125 0.5585650140625 0.919921875 0.535005153125 0.919921875 0.5291151890625 0.921875 0.5271518671875 0.921875 0.5134086156250001
0 0.93359375 0.4427290359375 0.927734375 0.4564722875 0.927734375 0.46236225312499996 0.923828125 0.4702155390625 0.927734375 0.49966536406250006 0.9306640625 0.502610346875 0.9375 0.5016286859375 0.9375 0.4957387203125 0.939453125 0.4937753984375 0.9384765625 0.43389408749999997 0.9365234375 0.43389408749999997 0.93359375 0.4388023921875 0.93359375 0.4427290359375
0 0.916015625 0.5566016921875 0.916015625 0.568381621875 0.91796875 0.57034494375 0.91796875 0.576234909375 0.923828125 0.5860515171875 0.923828125 0.5899781609375 0.9306640625 0.5988131078125 0.935546875 0.597831446875 0.9375 0.5330418328125 0.9326171875 0.532060171875 0.9248046875 0.5379501359375001 0.919921875 0.5448217625 0.919921875 0.54874840625 0.916015625 0.5566016921875
0 0.8095703125 0.3691044734375 0.8076171875 0.3691044734375 0.7978515625 0.3573245421875 0.7724609375 0.355361221875 0.7568359375 0.3612511859375 0.75390625 0.366159490625 0.763671875 0.3799027421875 0.763671875 0.38579270781249997 0.76953125 0.395609315625 0.76953125 0.40149928125 0.7724609375 0.40444426250000004 0.791015625 0.4034626015625 0.7958984375 0.4005176203125 0.8095703125 0.4005176203125 0.818359375 0.39364599375 0.818359375 0.3799027421875 0.81640625 0.3759760984375 0.8095703125 0.3691044734375
0 0.830078125 0.627281271875 0.8232421875 0.616483003125 0.8193359375 0.616483003125 0.8173828125 0.61451968125 0.7763671875 0.61451968125 0.7607421875 0.620409646875 0.7490234375 0.6341528984375 0.7373046875 0.6380795421875 0.7265625 0.6469144890625 0.7265625 0.6508411328125 0.724609375 0.652804453125 0.7265625 0.654767775 0.7265625 0.6606577406249999 0.7451171875 0.6773459749999999 0.7509765625 0.675382653125 0.7587890625 0.6694926875 0.7705078125 0.6694926875 0.7861328125 0.6773459749999999 0.794921875 0.6763643140625 0.8076171875 0.6694926875 0.8115234375 0.6694926875 0.826171875 0.652804453125 0.826171875 0.6488778109375 0.830078125 0.6429878453125 0.830078125 0.627281271875
0 0.806640625 0.568381621875 0.7841796875 0.5497300671875001 0.7783203125 0.5497300671875001 0.7763671875 0.5516933875000001 0.7705078125 0.5497300671875001 0.75390625 0.576234909375 0.7490234375 0.5791798906250001 0.7451171875 0.5791798906250001 0.7421875 0.5840881953125 0.7548828125 0.5968497859374999 0.7587890625 0.5968497859374999 0.7841796875 0.6105930374999999 0.80078125 0.6096113765625 0.8134765625 0.608629715625 0.818359375 0.6037214125 0.818359375 0.5919414828125 0.814453125 0.5821248734375 0.810546875 0.57819823125 0.806640625 0.568381621875
0 0.7587890625 0.6694926875 0.74609375 0.6802909578125 0.74609375 0.6881442437499999 0.7509765625 0.6930525484375 0.765625 0.694034209375 0.7841796875 0.6930525484375 0.7890625 0.690107565625 0.7890625 0.6822542796875 0.7822265625 0.675382653125 0.7705078125 0.6694926875 0.7587890625 0.6694926875
0 0.7158203125 0.8167418124999999 0.7314453125 0.8069252046875001 0.736328125 0.8020168999999999 0.736328125 0.7980902578125 0.73828125 0.7961269359375 0.73828125 0.7863103265625 0.74609375 0.774530396875 0.74609375 0.7666771109375 0.748046875 0.7647137890625 0.74609375 0.7607871453125 0.7412109375 0.7578421625 0.7333984375 0.7578421625 0.7314453125 0.7558788421875 0.7197265625 0.7558788421875 0.7177734375 0.7578421625 0.7099609375 0.7578421625 0.7080078125 0.759805484375 0.7001953125 0.759805484375 0.6982421875 0.7578421625 0.6962890625 0.759805484375 0.6845703125 0.76176880625 0.6611328125 0.7755120578125 0.6474609375 0.789255309375 0.6455078125 0.789255309375 0.6328125 0.803980221875 0.6328125 0.8295034031249999 0.6396484375 0.8304850640625 0.6416015625 0.8324483859375 0.658203125 0.831466725 0.6689453125 0.826558421875 0.6884765625 0.826558421875 0.6943359375 0.822631778125 0.6982421875 0.822631778125 0.7021484375 0.8187051343749999 0.7158203125 0.8167418124999999
0 0.8271484375 0.7558788421875 0.8134765625 0.7558788421875 0.8056640625 0.76176880625 0.7900390625 0.76176880625 0.7880859375 0.759805484375 0.7705078125 0.759805484375 0.7666015625 0.7578421625 0.7587890625 0.76176880625 0.75 0.770603753125 0.75 0.7823836843749999 0.7568359375 0.7872919875 0.7685546875 0.789255309375 0.7744140625 0.7931819531250001 0.7802734375 0.7931819531250001 0.7822265625 0.795145275 0.7919921875 0.795145275 0.7939453125 0.797108596875 0.8017578125 0.797108596875 0.8037109375 0.7990719171875 0.80859375 0.7980902578125 0.8212890625 0.797108596875 0.8369140625 0.789255309375 0.849609375 0.778457040625 0.849609375 0.770603753125 0.8427734375 0.763732128125 0.8271484375 0.7558788421875
0 0.8525390625 0.7166124078125 0.8466796875 0.7126857640625001 0.8271484375 0.708759121875 0.8251953125 0.7067958 0.8173828125 0.7067958 0.80859375 0.7117041046875 0.810546875 0.745080571875 0.8154296875 0.7519521984375 0.8291015625 0.7558788421875 0.8388671875 0.76176880625 0.8427734375 0.76176880625 0.8486328125 0.76569545 0.8525390625 0.76569545 0.8603515625 0.76962209375 0.87109375 0.7686404328124999 0.876953125 0.7627504671875001 0.876953125 0.752933859375 0.86328125 0.7293739984375 0.8671875 0.72544735625 0.8603515625 0.7185757296874999 0.8525390625 0.7166124078125
0 0.857421875 0.8393200125 0.8369140625 0.8245951 0.8330078125 0.8245951 0.8310546875 0.822631778125 0.8212890625 0.822631778125 0.8193359375 0.82066845625 0.8134765625 0.82066845625 0.8037109375 0.8167418124999999 0.7841796875 0.8167418124999999 0.7822265625 0.814778490625 0.7744140625 0.814778490625 0.7724609375 0.81281516875 0.7666015625 0.81281516875 0.7578125 0.8236134390625001 0.7578125 0.833430046875 0.759765625 0.8353933687499999 0.759765625 0.8393200125 0.7666015625 0.8461916374999999 0.7724609375 0.8461916374999999 0.7802734375 0.85011828125 0.7861328125 0.85797156875 0.7958984375 0.85797156875 0.8154296875 0.8736781421875 0.8349609375 0.8736781421875 0.8369140625 0.8756414625 0.8486328125 0.8756414625 0.8505859375 0.877604784375 0.865234375 0.8766231234375 0.869140625 0.8746598015625 0.869140625 0.8707331593750001 0.87109375 0.8687698375 0.8671875 0.8569899062499999 0.859375 0.8471732984375 0.857421875 0.8393200125
0 0.7392578125 0.8363750296875001 0.7353515625 0.8363750296875001 0.7255859375 0.8304850640625 0.7099609375 0.8304850640625 0.7060546875 0.8324483859375 0.701171875 0.837356690625 0.69921875 0.8471732984375 0.697265625 0.8491366203125 0.697265625 0.8687698375 0.69921875 0.8726964796875001 0.7177734375 0.885458071875 0.7255859375 0.885458071875 0.7314453125 0.881531428125 0.7353515625 0.881531428125 0.7431640625 0.885458071875 0.751953125 0.8844764109375 0.759765625 0.8785864453125001 0.759765625 0.8687698375 0.755859375 0.8628798718749999 0.75390625 0.8510999421875001 0.75 0.8452099765625001 0.7392578125 0.8363750296875001
0 0.7568359375 0.8952746796875 0.7470703125 0.8972380015624999 0.740234375 0.9041096265625 0.73828125 0.9099995921874999 0.7421875 0.9178528796875 0.7490234375 0.9247245046874999 0.75 0.92374284375 0.7646484375 0.9149078968750001 0.76953125 0.9099995921874999 0.77734375 0.896256340625 0.7763671875 0.8893847140625001 0.7685546875 0.8893847140625001 0.7568359375 0.8952746796875
0 0.8017578125 0.87956810625 0.7998046875 0.877604784375 0.7841796875 0.877604784375 0.7822265625 0.8756414625 0.7666015625 0.877604784375 0.763671875 0.8805497671875001 0.7666015625 0.885458071875 0.7783203125 0.8874213937500001 0.7841796875 0.8913480359375001 0.7880859375 0.8913480359375001 0.8017578125 0.8992013234374999 0.8056640625 0.8992013234374999 0.8134765625 0.903127965625 0.837890625 0.90214630625 0.841796875 0.900182984375 0.841796875 0.896256340625 0.8330078125 0.8913480359375001 0.8271484375 0.885458071875 0.8173828125 0.881531428125 0.8017578125 0.87956810625
0 0.8759765625 0.903127965625 0.8603515625 0.903127965625 0.8583984375 0.9011646437499999 0.8544921875 0.903127965625 0.8232421875 0.903127965625 0.8212890625 0.9050912875 0.8115234375 0.9050912875 0.8095703125 0.907054609375 0.8037109375 0.907054609375 0.7666015625 0.9266878265624999 0.7626953125 0.9266878265624999 0.751953125 0.9374860953124999 0.751953125 0.9414127390625 0.7587890625 0.9443577218750001 0.837890625 0.9433760609374999 0.8466796875 0.940431078125 0.8525390625 0.9345411125 0.8701171875 0.9247245046874999 0.880859375 0.9119629140625 0.880859375 0.9080362703124999 0.8759765625 0.903127965625
0 0.900390625 0.815760153125 0.896484375 0.811833509375 0.890625 0.7980902578125 0.8818359375 0.7872919875 0.8681640625 0.7774753796875 0.8642578125 0.7755120578125 0.8544921875 0.7755120578125 0.8515625 0.778457040625 0.8515625 0.7941636140624999 0.849609375 0.7961269359375 0.84765625 0.81379683125 0.845703125 0.815760153125 0.845703125 0.8196867953125 0.849609375 0.8275400828125001 0.8564453125 0.8304850640625 0.8671875 0.841283334375 0.869140625 0.8471732984375 0.8740234375 0.852081603125 0.8798828125 0.854044925 0.8876953125 0.8618982109375001 0.8916015625 0.8618982109375001 0.8935546875 0.8638615328125001 0.90625 0.8628798718749999 0.91015625 0.8569899062499999 0.91015625 0.8471732984375 0.90625 0.841283334375 0.90625 0.8353933687499999 0.90234375 0.8275400828125001 0.900390625 0.815760153125
0 0.6923828125 0.8717148203124999 0.6904296875 0.8697514984374999 0.6728515625 0.8697514984374999 0.6591796875 0.881531428125 0.6455078125 0.87956810625 0.638671875 0.8825130890624999 0.638671875 0.8864397328125 0.63671875 0.888403053125 0.63671875 0.9060729484375001 0.638671875 0.9080362703124999 0.638671875 0.9119629140625 0.6484375 0.9276694875 0.6591796875 0.93846775625 0.6630859375 0.940431078125 0.7060546875 0.940431078125 0.7080078125 0.9423944000000001 0.748046875 0.9414127390625 0.75 0.9394494171875 0.748046875 0.9257061656250001 0.736328125 0.9080362703124999 0.7138671875 0.88349475 0.6962890625 0.8717148203124999 0.6923828125 0.8717148203124999
0 0.6591796875 0.8403016734375001 0.6552734375 0.8403016734375001 0.6474609375 0.8461916374999999 0.6435546875 0.8461916374999999 0.6376953125 0.85011828125 0.630859375 0.8569899062499999 0.6337890625 0.8618982109375001 0.6376953125 0.8618982109375001 0.6396484375 0.8638615328125001 0.666015625 0.8628798718749999 0.6748046875 0.8599348890625 0.681640625 0.8491366203125 0.681640625 0.8452099765625001 0.6728515625 0.8383383515625 0.6611328125 0.8383383515625 0.6591796875 0.8403016734375001
0 0.630859375 0.8020168999999999 0.6220703125 0.795145275 0.6083984375 0.795145275 0.6044921875 0.797108596875 0.595703125 0.80594354375 0.595703125 0.811833509375 0.59375 0.81379683125 0.59375 0.8275400828125001 0.595703125 0.8295034031249999 0.595703125 0.8353933687499999 0.599609375 0.841283334375 0.599609375 0.8471732984375 0.6025390625 0.852081603125 0.6044921875 0.852081603125 0.6142578125 0.8618982109375001 0.615234375 0.86091655 0.625 0.8432466546875 0.625 0.8393200125 0.62890625 0.831466725 0.62890625 0.8255767609375001 0.630859375 0.8236134390625001 0.630859375 0.8020168999999999
0 0.63671875 0.8785864453125001 0.6396484375 0.881531428125 0.662109375 0.8805497671875001 0.666015625 0.8766231234375 0.666015625 0.8687698375 0.6591796875 0.8638615328125001 0.6435546875 0.8638615328125001 0.63671875 0.8707331593750001 0.63671875 0.8785864453125001
0 0.8115234375 0.679309296875 0.8095703125 0.6812726171875 0.8037109375 0.6812726171875 0.80078125 0.6842176 0.8056640625 0.6910892265624999 0.8134765625 0.6930525484375 0.8193359375 0.696979190625 0.83984375 0.69599753125 0.84765625 0.6881442437499999 0.84765625 0.6822542796875 0.8369140625 0.675382653125 0.8310546875 0.675382653125 0.8232421875 0.679309296875 0.8115234375 0.679309296875
0 0.7626953125 0.8403016734375001 0.7587890625 0.8383383515625 0.75390625 0.8452099765625001 0.75390625 0.8569899062499999 0.755859375 0.858953228125 0.755859375 0.86484319375 0.759765625 0.8707331593750001 0.759765625 0.8746598015625 0.7626953125 0.877604784375 0.767578125 0.8766231234375 0.7734375 0.8726964796875001 0.775390625 0.86484319375 0.78515625 0.858953228125 0.78515625 0.8530632640625001 0.7705078125 0.8403016734375001 0.7626953125 0.8403016734375001
0 0.4501953125 0.7205390515625 0.4462890625 0.7205390515625 0.4443359375 0.7185757296874999 0.4345703125 0.7185757296874999 0.4296875 0.723484034375 0.42578125 0.7313373203125 0.42578125 0.7352639640625 0.421875 0.7411539281249999 0.421875 0.7490072156250001 0.4267578125 0.7539155203125001 0.447265625 0.752933859375 0.4521484375 0.7499888765625 0.4677734375 0.7460622328125 0.46875 0.73919060625 0.46484375 0.7333006421875 0.4619140625 0.73231898125 0.4501953125 0.7205390515625
0 0.5 0.752933859375 0.498046875 0.7509705375 0.49609375 0.7411539281249999 0.4873046875 0.73231898125 0.4775390625 0.7283923375 0.4599609375 0.7146490859375 0.4560546875 0.7146490859375 0.4541015625 0.7126857640625001 0.4443359375 0.7146490859375 0.443359375 0.71759406875 0.4462890625 0.7205390515625 0.4501953125 0.7205390515625 0.4560546875 0.7244656953125 0.46875 0.73919060625 0.46875 0.74704389375 0.4765625 0.7568605015625 0.4765625 0.7607871453125 0.482421875 0.770603753125 0.482421875 0.774530396875 0.486328125 0.7823836843749999 0.486328125 0.7863103265625 0.4921875 0.7961269359375 0.4921875 0.8020168999999999 0.4951171875 0.8049618828125 0.49609375 0.803980221875 0.505859375 0.7961269359375 0.505859375 0.7764937187500001 0.50390625 0.774530396875 0.50390625 0.7666771109375 0.5 0.7607871453125 0.5 0.752933859375
0 0.46484375 0.6626210625 0.470703125 0.6508411328125 0.470703125 0.6429878453125 0.47265625 0.6410245234375 0.47265625 0.62531795 0.4677734375 0.6184463250000001 0.462890625 0.627281271875 0.458984375 0.6429878453125 0.451171875 0.654767775 0.4423828125 0.6636027234374999 0.4345703125 0.6636027234374999 0.4267578125 0.6577127578125 0.4228515625 0.6577127578125 0.41796875 0.664584384375 0.41796875 0.6685110265625 0.421875 0.6744009921874999 0.421875 0.6802909578125 0.42578125 0.6881442437499999 0.43359375 0.6881442437499999 0.4404296875 0.6832359390625 0.4462890625 0.6832359390625 0.4580078125 0.675382653125 0.4609375 0.6704743484375 0.4609375 0.66654770625 0.46484375 0.6626210625
0 0.427734375 0.6920708875 0.421875 0.6822542796875 0.419921875 0.6724376703125 0.4111328125 0.6616394015625 0.3994140625 0.653786115625 0.3603515625 0.65182279375 0.3583984375 0.653786115625 0.3525390625 0.653786115625 0.3369140625 0.6596760796875001 0.32421875 0.6744009921874999 0.32421875 0.6842176 0.33203125 0.7058141390625 0.34765625 0.7274106765624999 0.3505859375 0.7283923375 0.3681640625 0.7480255546875 0.3759765625 0.7519521984375 0.388671875 0.7509705375 0.4052734375 0.7440989109375 0.42578125 0.7215207125 0.431640625 0.7097407828125 0.431640625 0.7038508171875 0.4296875 0.7018874953124999 0.427734375 0.6920708875
0 0.46875 0.7490072156250001 0.4658203125 0.7460622328125 0.4501953125 0.7499888765625 0.4443359375 0.7539155203125001 0.4111328125 0.7519521984375 0.4013671875 0.7578421625 0.3974609375 0.7578421625 0.3916015625 0.76176880625 0.3876953125 0.76176880625 0.3798828125 0.76569545 0.373046875 0.772567075 0.3671875 0.7823836843749999 0.365234375 0.803980221875 0.3720703125 0.8108518484375 0.3818359375 0.814778490625 0.40625 0.81379683125 0.4306640625 0.8010352390625 0.4375 0.7941636140624999 0.443359375 0.78434700625 0.458984375 0.7686404328124999 0.466796875 0.7568605015625 0.46875 0.7490072156250001
0 0.478515625 0.8255767609375001 0.482421875 0.8177234734375001 0.482421875 0.803980221875 0.4736328125 0.7931819531250001 0.4638671875 0.79121863125 0.4619140625 0.7931819531250001 0.4521484375 0.795145275 0.4384765625 0.8029985609375 0.4248046875 0.8167418124999999 0.4169921875 0.82066845625 0.4111328125 0.82066845625 0.4013671875 0.826558421875 0.3974609375 0.826558421875 0.388671875 0.8353933687499999 0.388671875 0.8432466546875 0.38671875 0.8471732984375 0.39453125 0.8550265859374999 0.3984375 0.8707331593750001 0.4111328125 0.88349475 0.419921875 0.8825130890624999 0.4306640625 0.877604784375 0.4541015625 0.8599348890625 0.47265625 0.8393200125 0.474609375 0.833430046875 0.478515625 0.8295034031249999 0.478515625 0.8255767609375001
0 0.3671875 0.815760153125 0.3671875 0.811833509375 0.365234375 0.8098701875 0.365234375 0.8020168999999999 0.36328125 0.8000535796875001 0.359375 0.78434700625 0.353515625 0.774530396875 0.3447265625 0.76569545 0.3310546875 0.7578421625 0.3173828125 0.76176880625 0.3134765625 0.76569545 0.3076171875 0.767658771875 0.291015625 0.7823836843749999 0.279296875 0.803980221875 0.27734375 0.81379683125 0.2734375 0.8196867953125 0.2734375 0.841283334375 0.275390625 0.8432466546875 0.275390625 0.8510999421875001 0.283203125 0.8628798718749999 0.283203125 0.866806515625 0.3037109375 0.8874213937500001 0.310546875 0.888403053125 0.3173828125 0.8874213937500001 0.3447265625 0.8717148203124999 0.35546875 0.86091655 0.365234375 0.8432466546875 0.365234375 0.8177234734375001 0.3671875 0.815760153125
0 0.255859375 0.770603753125 0.25 0.7647137890625 0.248046875 0.7588238234375 0.2314453125 0.7440989109375 0.2216796875 0.7440989109375 0.2119140625 0.7499888765625 0.19921875 0.7627504671875001 0.19140625 0.7823836843749999 0.19140625 0.8000535796875001 0.19921875 0.8196867953125 0.2041015625 0.8245951 0.2119140625 0.8245951 0.2177734375 0.8304850640625 0.224609375 0.8295034031249999 0.2490234375 0.81281516875 0.255859375 0.80594354375 0.259765625 0.7980902578125 0.259765625 0.7823836843749999 0.2578125 0.7804203625 0.255859375 0.770603753125
0 0.3359375 0.71759406875 0.3173828125 0.696979190625 0.3076171875 0.6930525484375 0.2919921875 0.70286915625 0.2880859375 0.70286915625 0.2802734375 0.7067958 0.2744140625 0.7067958 0.2724609375 0.708759121875 0.2607421875 0.708759121875 0.2568359375 0.7048324781249999 0.2470703125 0.700905834375 0.236328125 0.7097407828125 0.234375 0.713667425 0.236328125 0.7293739984375 0.24609375 0.7490072156250001 0.2568359375 0.759805484375 0.2626953125 0.763732128125 0.291015625 0.7627504671875001 0.3232421875 0.7558788421875 0.3369140625 0.7480255546875 0.34375 0.7411539281249999 0.34375 0.7313373203125 0.33984375 0.7274106765624999 0.3359375 0.71759406875
0 0.328125 0.65869441875 0.33203125 0.6508411328125 0.33203125 0.6449511671875 0.333984375 0.6429878453125 0.333984375 0.635134559375 0.3359375 0.6331712375 0.3359375 0.6115746984375 0.33203125 0.605684734375 0.330078125 0.5939048046875001 0.326171875 0.5860515171875 0.3134765625 0.57721656875 0.2998046875 0.5752532484375 0.2939453125 0.5713266046875 0.2802734375 0.5713266046875 0.2666015625 0.5791798906250001 0.248046875 0.601758090625 0.240234375 0.623354628125 0.23828125 0.66654770625 0.240234375 0.6685110265625 0.2421875 0.686180921875 0.248046875 0.697960853125 0.2548828125 0.7048324781249999 0.2607421875 0.708759121875 0.26953125 0.7077774609375 0.2841796875 0.7048324781249999 0.2939453125 0.6989425125000001 0.2978515625 0.6989425125000001 0.314453125 0.6842176 0.328125 0.6626210625 0.328125 0.65869441875
0 0.236328125 0.6842176 0.23828125 0.6822542796875 0.236328125 0.6469144890625 0.23828125 0.6449511671875 0.23828125 0.623354628125 0.240234375 0.6213913078125 0.240234375 0.6096113765625 0.2421875 0.60764805625 0.240234375 0.5880148390625 0.23828125 0.5860515171875 0.236328125 0.5742715875 0.228515625 0.5585650140625 0.228515625 0.5546383703125 0.2197265625 0.5438401015625 0.2080078125 0.5379501359375001 0.1884765625 0.5379501359375001 0.1748046875 0.5458034234375 0.166015625 0.5546383703125 0.16015625 0.5644549796875 0.16015625 0.568381621875 0.154296875 0.5821248734375 0.154296875 0.5880148390625 0.150390625 0.597831446875 0.150390625 0.6096113765625 0.1484375 0.6115746984375 0.150390625 0.66654770625 0.15234375 0.6685110265625 0.154296875 0.6802909578125 0.162109375 0.69599753125 0.177734375 0.713667425 0.177734375 0.715630746875 0.1904296875 0.7283923375 0.2060546875 0.7401722687500001 0.2099609375 0.742135590625 0.220703125 0.7411539281249999 0.224609375 0.7333006421875 0.2265625 0.719557390625 0.23046875 0.7117041046875 0.23046875 0.7058141390625 0.232421875 0.7038508171875 0.236328125 0.6842176
0 0.3798828125 0.5477667453125 0.3642578125 0.5418767796874999 0.3369140625 0.5438401015625 0.31640625 0.5605283359375 0.31640625 0.5664183 0.3203125 0.57034494375 0.322265625 0.5801615531250001 0.3291015625 0.5889965 0.3525390625 0.6007764296875 0.37109375 0.59979476875 0.3759765625 0.5988131078125 0.3828125 0.5919414828125 0.3828125 0.5880148390625 0.392578125 0.572308265625 0.388671875 0.5566016921875 0.3798828125 0.5477667453125
0 0.51171875 0.8687698375 0.513671875 0.8550265859374999 0.509765625 0.8452099765625001 0.5 0.837356690625 0.4990234375 0.8304850640625 0.484375 0.8530632640625001 0.484375 0.858953228125 0.48046875 0.86484319375 0.48046875 0.8785864453125001 0.482421875 0.8805497671875001 0.484375 0.8903663749999999 0.490234375 0.8982196625000001 0.490234375 0.9060729484375001 0.494140625 0.9158895578124999 0.4970703125 0.9188345390625001 0.501953125 0.9198162 0.50390625 0.9119629140625 0.5078125 0.9060729484375001 0.5078125 0.8982196625000001 0.509765625 0.896256340625 0.509765625 0.8707331593750001 0.51171875 0.8687698375
0 0.5654296875 0.6930525484375 0.560546875 0.697960853125 0.560546875 0.7018874953124999 0.55859375 0.7038508171875 0.560546875 0.7077774609375 0.560546875 0.7352639640625 0.5625 0.7372272859375 0.5625 0.74311725 0.560546875 0.745080571875 0.5625 0.74704389375 0.560546875 0.7490072156250001 0.560546875 0.7764937187500001 0.5625 0.778457040625 0.5625 0.78434700625 0.5654296875 0.7872919875 0.5673828125 0.7833653453125 0.5712890625 0.7872919875 0.572265625 0.7863103265625 0.58203125 0.7764937187500001 0.587890625 0.7647137890625 0.591796875 0.72544735625 0.583984375 0.7038508171875 0.5732421875 0.6930525484375 0.5654296875 0.6930525484375
0 0.36328125 0.8550265859374999 0.36328125 0.86484319375 0.365234375 0.866806515625 0.365234375 0.8707331593750001 0.3798828125 0.8893847140625001 0.3935546875 0.8933113578125 0.4130859375 0.903127965625 0.4296875 0.90214630625 0.4296875 0.8982196625000001 0.4208984375 0.8893847140625001 0.4033203125 0.877604784375 0.3779296875 0.854044925 0.3681640625 0.852081603125 0.36328125 0.8550265859374999
0 0.4638671875 0.9050912875 0.4541015625 0.907054609375 0.451171875 0.9099995921874999 0.44921875 0.9178528796875 0.4375 0.9315961312500001 0.4384765625 0.9345411125 0.458984375 0.9335594515625001 0.4658203125 0.932577790625 0.46875 0.929632809375 0.470703125 0.9198162 0.47265625 0.9178528796875 0.47265625 0.9119629140625 0.4638671875 0.9050912875
0 0.490234375 0.9041096265625 0.4794921875 0.8952746796875 0.4736328125 0.8952746796875 0.4716796875 0.8972380015624999 0.4501953125 0.8972380015624999 0.4482421875 0.8992013234374999 0.4306640625 0.8992013234374999 0.4296875 0.90214630625 0.4345703125 0.9050912875 0.4384765625 0.9050912875 0.4404296875 0.907054609375 0.4501953125 0.907054609375 0.453125 0.9099995921874999 0.447265625 0.921779521875 0.439453125 0.9276694875 0.439453125 0.9335594515625001 0.4609375 0.9335594515625001 0.466796875 0.9315961312500001 0.4736328125 0.9168712171875001 0.4775390625 0.9188345390625001 0.4912109375 0.9188345390625001 0.4921875 0.9080362703124999 0.490234375 0.9041096265625
0 0.23046875 0.8726964796875001 0.2275390625 0.8717148203124999 0.2216796875 0.8638615328125001 0.2041015625 0.8638615328125001 0.2021484375 0.8618982109375001 0.2001953125 0.8638615328125001 0.1865234375 0.8638615328125001 0.1845703125 0.8658248546875 0.1767578125 0.8658248546875 0.1728515625 0.8638615328125001 0.16796875 0.8687698375 0.173828125 0.888403053125 0.1796875 0.89429301875 0.1796875 0.90214630625 0.189453125 0.9119629140625 0.189453125 0.9139262359375 0.1943359375 0.9188345390625001 0.2021484375 0.9227611828125 0.2041015625 0.9266878265624999 0.2119140625 0.9306144703125 0.2431640625 0.9306144703125 0.2451171875 0.932577790625 0.255859375 0.9315961312500001 0.259765625 0.9276694875 0.2578125 0.9257061656250001 0.255859375 0.9119629140625 0.25 0.8982196625000001 0.23828125 0.8864397328125 0.23046875 0.8726964796875001
0 0.1689453125 0.7990719171875 0.1669921875 0.797108596875 0.1591796875 0.797108596875 0.1572265625 0.795145275 0.1494140625 0.795145275 0.1455078125 0.7990719171875 0.1298828125 0.8049618828125 0.125 0.811833509375 0.125 0.8236134390625001 0.138671875 0.8452099765625001 0.1455078125 0.852081603125 0.1630859375 0.8618982109375001 0.1708984375 0.8618982109375001 0.1728515625 0.8638615328125001 0.18359375 0.8628798718749999 0.1962890625 0.8618982109375001 0.205078125 0.8550265859374999 0.205078125 0.8393200125 0.19140625 0.811833509375 0.1806640625 0.8010352390625 0.1689453125 0.7990719171875
0 0.1171875 0.811833509375 0.119140625 0.8079068656249999 0.119140625 0.7980902578125 0.11328125 0.7882736484375 0.1025390625 0.7774753796875 0.0888671875 0.7715854140625 0.0791015625 0.763732128125 0.0654296875 0.7578421625 0.0625 0.7607871453125 0.0625 0.7686404328124999 0.060546875 0.770603753125 0.060546875 0.8471732984375 0.0712890625 0.854044925 0.0751953125 0.854044925 0.0830078125 0.85797156875 0.0888671875 0.85797156875 0.0908203125 0.8599348890625 0.09765625 0.858953228125 0.1083984375 0.856008246875 0.11328125 0.8510999421875001 0.115234375 0.8432466546875 0.119140625 0.837356690625 0.119140625 0.81379683125 0.1171875 0.811833509375
0 0.193359375 0.74311725 0.193359375 0.73919060625 0.177734375 0.715630746875 0.1708984375 0.708759121875 0.1630859375 0.7126857640625001 0.1640625 0.7058141390625 0.1611328125 0.70286915625 0.1572265625 0.70286915625 0.1484375 0.7077774609375 0.140625 0.723484034375 0.138671875 0.7372272859375 0.13671875 0.73919060625 0.13671875 0.7647137890625 0.140625 0.772567075 0.1533203125 0.7872919875 0.1669921875 0.7931819531250001 0.173828125 0.7922002921875 0.1806640625 0.79121863125 0.189453125 0.78434700625 0.19140625 0.772567075 0.1953125 0.7647137890625 0.1953125 0.745080571875 0.193359375 0.74311725
0 0.119140625 0.7117041046875 0.1171875 0.7077774609375 0.1015625 0.6920708875 0.099609375 0.686180921875 0.0869140625 0.675382653125 0.0751953125 0.6694926875 0.0654296875 0.6694926875 0.0625 0.6744009921874999 0.0625 0.719557390625 0.06640625 0.7293739984375 0.0810546875 0.7460622328125 0.0849609375 0.7460622328125 0.0927734375 0.7499888765625 0.107421875 0.7490072156250001 0.1103515625 0.7480255546875 0.119140625 0.7372272859375 0.119140625 0.7293739984375 0.12109375 0.7274106765624999 0.119140625 0.72544735625 0.119140625 0.7117041046875
0 0.4208984375 0.910981253125 0.4169921875 0.907054609375 0.4033203125 0.907054609375 0.3935546875 0.9011646437499999 0.3896484375 0.903127965625 0.3818359375 0.903127965625 0.3798828125 0.9050912875 0.3662109375 0.9050912875 0.3642578125 0.907054609375 0.3623046875 0.9050912875 0.3603515625 0.907054609375 0.3447265625 0.907054609375 0.3427734375 0.9050912875 0.3369140625 0.9050912875 0.3310546875 0.9011646437499999 0.3271484375 0.9011646437499999 0.3173828125 0.8952746796875 0.3056640625 0.8952746796875 0.3017578125 0.8913480359375001 0.2939453125 0.8952746796875 0.2880859375 0.8952746796875 0.2822265625 0.8992013234374999 0.2763671875 0.907054609375 0.2705078125 0.907054609375 0.265625 0.9119629140625 0.26171875 0.9198162 0.263671875 0.9276694875 0.2724609375 0.932577790625 0.416015625 0.9335594515625001 0.4248046875 0.932577790625 0.42578125 0.9257061656250001 0.427734375 0.92374284375 0.427734375 0.9158895578124999 0.42578125 0.9119629140625 0.4208984375 0.910981253125
0 0.2744140625 0.8756414625 0.271484375 0.8805497671875001 0.271484375 0.892329696875 0.2783203125 0.8972380015624999 0.287109375 0.896256340625 0.2958984375 0.8933113578125 0.298828125 0.8903663749999999 0.298828125 0.8844764109375 0.2919921875 0.8756414625 0.2783203125 0.8736781421875 0.2744140625 0.8756414625
0 0.3330078125 0.87956810625 0.326171875 0.8864397328125 0.32421875 0.896256340625 0.3291015625 0.9011646437499999 0.3447265625 0.907054609375 0.359375 0.9060729484375001 0.3720703125 0.9011646437499999 0.375 0.896256340625 0.37109375 0.8785864453125001 0.3623046875 0.8697514984374999 0.3505859375 0.8697514984374999 0.3330078125 0.87956810625
0 0.142578125 0.57819823125 0.1396484375 0.5752532484375 0.1259765625 0.5752532484375 0.1025390625 0.58506985625 0.0888671875 0.5968497859374999 0.0810546875 0.6007764296875 0.072265625 0.6096113765625 0.064453125 0.62531795 0.064453125 0.652804453125 0.0732421875 0.6577127578125 0.0791015625 0.6577127578125 0.0810546875 0.6557494359375 0.087890625 0.656731096875 0.1142578125 0.6459328281250001 0.1328125 0.62924459375 0.14453125 0.605684734375 0.14453125 0.5880148390625 0.142578125 0.5860515171875 0.142578125 0.57819823125
0 0.09765625 0.4564722875 0.0888671875 0.441747375 0.0791015625 0.43782073125 0.0693359375 0.42996744531250003 0.06640625 0.4348757484375 0.06640625 0.48984875624999996 0.0693359375 0.4927937375 0.0771484375 0.4927937375 0.0791015625 0.49475705937500003 0.09375 0.4937753984375 0.09765625 0.491812078125 0.09765625 0.48592211250000006 0.099609375 0.483958790625 0.099609375 0.46432557343749997 0.09765625 0.46236225312499996 0.09765625 0.4564722875
0 0.8720703125 0.6321895765625001 0.8525390625 0.612556359375 0.8486328125 0.612556359375 0.84765625 0.627281271875 0.849609375 0.631207915625 0.84375 0.6390612015625 0.84375 0.652804453125 0.841796875 0.654767775 0.841796875 0.65869441875 0.845703125 0.66654770625 0.845703125 0.6783276359375 0.84765625 0.6802909578125 0.84765625 0.697960853125 0.83984375 0.6999241734375 0.83984375 0.7077774609375 0.8505859375 0.7146490859375 0.8583984375 0.7146490859375 0.8642578125 0.7185757296874999 0.8671875 0.71759406875 0.8671875 0.7077774609375 0.87109375 0.7018874953124999 0.869140625 0.656731096875 0.875 0.6449511671875 0.875 0.6331712375 0.8720703125 0.6321895765625001
0 0.87109375 0.0912944578125 0.873046875 0.0893311359375 0.873046875 0.0795145265625 0.8681640625 0.0726429015625 0.8486328125 0.0726429015625 0.8466796875 0.07067957968750001 0.8349609375 0.07067957968750001 0.8330078125 0.0687162578125 0.8173828125 0.0687162578125 0.8154296875 0.07067957968750001 0.8076171875 0.07067957968750001 0.80078125 0.07755120625 0.798828125 0.08736781406250001 0.796875 0.0893311359375 0.796875 0.108964353125 0.80078125 0.11878096093749999 0.8134765625 0.1335058734375 0.8173828125 0.1335058734375 0.8193359375 0.13546919531249998 0.833984375 0.134487534375 0.8466796875 0.1315425515625 0.8544921875 0.1276159078125 0.861328125 0.1207442828125 0.86328125 0.11289099531249999 0.87109375 0.09914774374999999 0.87109375 0.0912944578125
0 0.92578125 0.08344117031250001 0.9228515625 0.0804961890625 0.9130859375 0.0804961890625 0.9072265625 0.08442283125 0.8955078125 0.08442283125 0.890625 0.0814778484375 0.888671875 0.071661240625 0.8837890625 0.07067957968750001 0.875 0.0854044921875 0.876953125 0.11485431718750001 0.8828125 0.126634246875 0.8876953125 0.1315425515625 0.8916015625 0.1315425515625 0.8974609375 0.13546919531249998 0.90625 0.134487534375 0.9189453125 0.1295792296875 0.931640625 0.1207442828125 0.93359375 0.1168176390625 0.93359375 0.10111106562500001 0.9296875 0.09718442187500001 0.92578125 0.08344117031250001
0 0.8154296875 0.13546919531249998 0.8076171875 0.1315425515625 0.7998046875 0.119762621875 0.7958984375 0.11779930000000001 0.7861328125 0.11779930000000001 0.771484375 0.12859756875 0.76953125 0.1325242125 0.76953125 0.1482307859375 0.775390625 0.160010715625 0.7880859375 0.17277230625 0.7958984375 0.17669895 0.80859375 0.1757172890625 0.8154296875 0.17277230625 0.822265625 0.163937359375 0.82421875 0.156084071875 0.822265625 0.1541207515625 0.8203125 0.1403775 0.8154296875 0.13546919531249998
0 0.4921875 0.2090937578125 0.486328125 0.19731382656250002 0.4814453125 0.1943688453125 0.4677734375 0.178662271875 0.4560546875 0.18062559375 0.4521484375 0.17669895 0.4482421875 0.17669895 0.435546875 0.18749721875 0.435546875 0.1914238625 0.43359375 0.193387184375 0.435546875 0.222837009375 0.447265625 0.2405069046875 0.4541015625 0.24737852968750002 0.4677734375 0.2552318171875 0.46875 0.25425015625 0.4970703125 0.24737852968750002 0.501953125 0.2385435828125 0.501953125 0.2306902953125 0.49609375 0.222837009375 0.49609375 0.2130204 0.4921875 0.2090937578125
0 0.3046875 0.10700103125 0.2919921875 0.088349475 0.2880859375 0.088349475 0.2802734375 0.09227611875 0.275390625 0.09718442187500001 0.271484375 0.10700103125 0.275390625 0.11289099531249999 0.275390625 0.11878096093749999 0.27734375 0.1207442828125 0.27734375 0.1482307859375 0.283203125 0.1482307859375 0.2919921875 0.145285803125 0.298828125 0.138414178125 0.302734375 0.12859756875 0.302734375 0.1227076046875 0.3046875 0.1207442828125 0.3046875 0.10700103125
0 0.3291015625 0.056936328125000005 0.2841796875 0.056936328125000005 0.28125 0.0598813109375 0.28125 0.067734596875 0.283203125 0.071661240625 0.29296875 0.0854044921875 0.2998046875 0.090312796875 0.3076171875 0.094239440625 0.3173828125 0.094239440625 0.3193359375 0.09620276250000001 0.33984375 0.0952211 0.3515625 0.0814778484375 0.3515625 0.07755120625 0.34765625 0.06969791875 0.3408203125 0.060862971875000005 0.3310546875 0.058899650000000005 0.3291015625 0.056936328125000005
0 0.232421875 0.11878096093749999 0.232421875 0.10503770937500001 0.2294921875 0.10209272656249999 0.2197265625 0.10209272656249999 0.2177734375 0.1001294046875 0.2138671875 0.1001294046875 0.203125 0.10503770937500001 0.19921875 0.11485431718750001 0.19921875 0.15215742968749998 0.203125 0.15215742968749998 0.20703125 0.1501941078125 0.2109375 0.1403775 0.2197265625 0.13546919531249998 0.2265625 0.12859756875 0.228515625 0.1227076046875 0.232421875 0.11878096093749999