0 0.1328125 0.158831734375 0.126953125 0.154885603125 0.12890625 0.150939475 0.119140625 0.13712801875 0.119140625 0.129235759375 0.1171875 0.125289628125 0.111328125 0.1213434984375 0.111328125 0.11937043437499999 0.115234375 0.11739736875 0.1005859375 0.10062631562499999 0.0947265625 0.10062631562499999 0.08984375 0.105558978125 0.08984375 0.1114781734375 0.076171875 0.1233165640625 0.076171875 0.14699334375 0.07421875 0.148966409375 0.07421875 0.2140775546875 0.0771484375 0.21703715156249997 0.0859375 0.21605062031250002 0.08984375 0.2061852953125 0.1025390625 0.19138730625 0.142578125 0.1647509296875 0.1396484375 0.16179133125 0.1337890625 0.16179133125 0.1328125 0.158831734375
0 0.158203125 0.11739736875 0.1591796875 0.114437771875 0.1640625 0.11345123906250001 0.1533203125 0.104572446875 0.1474609375 0.1065455109375 0.1318359375 0.1065455109375 0.123046875 0.1114781734375 0.123046875 0.129235759375 0.1328125 0.139101084375 0.1328125 0.148966409375 0.1376953125 0.15192600625 0.14453125 0.150939475 0.1513671875 0.149952940625 0.1572265625 0.14403374687499998 0.1640625 0.1410741484375 0.162109375 0.1351549546875 0.162109375 0.1213434984375 0.158203125 0.11739736875
0 0.1640625 0.13712801875 0.1728515625 0.1460068109375 0.1767578125 0.1479798765625 0.1796875 0.14699334375 0.185546875 0.1410741484375 0.185546875 0.12726269375000002 0.1767578125 0.114437771875 0.1708984375 0.114437771875 0.1640625 0.12726269375000002 0.1640625 0.13712801875
0 0.2099609375 0.05919195000000001 0.1923828125 0.05919195000000001 0.189453125 0.0621515484375 0.189453125 0.0739899375 0.19140625 0.07793606875 0.185546875 0.08582832812499999 0.177734375 0.105558978125 0.177734375 0.10950510937499999 0.1826171875 0.1183839015625 0.1865234375 0.120356965625 0.19921875 0.11937043437499999 0.2041015625 0.1183839015625 0.216796875 0.10358591406249999 0.216796875 0.0897744578125 0.220703125 0.0838552640625 0.220703125 0.066097678125 0.2099609375 0.05919195000000001
0 0.2626953125 0.0670842109375 0.2568359375 0.0651111453125 0.2451171875 0.0651111453125 0.2412109375 0.069057275 0.2353515625 0.071030340625 0.2265625 0.0799091328125 0.228515625 0.095693653125 0.2353515625 0.10259938125000001 0.2470703125 0.11049164062500001 0.248046875 0.10950510937499999 0.248046875 0.10358591406249999 0.251953125 0.09766671875 0.2607421875 0.0887879265625 0.271484375 0.0818821984375 0.26953125 0.0739899375 0.2626953125 0.0670842109375
0 0.2666015625 0.0868148609375 0.2626953125 0.0887879265625 0.248046875 0.105558978125 0.248046875 0.11937043437499999 0.251953125 0.129235759375 0.2568359375 0.134168421875 0.2626953125 0.13811455156250002 0.2734375 0.13712801875 0.28125 0.1312088234375 0.287109375 0.11937043437499999 0.28125 0.10358591406249999 0.28125 0.0917475234375 0.2763671875 0.0868148609375 0.2666015625 0.0868148609375
0 0.3291015625 0.07694953593750001 0.3212890625 0.0749764703125 0.3134765625 0.069057275 0.2958984375 0.061165015625 0.2900390625 0.06313808125 0.28515625 0.06807074375 0.28515625 0.075963003125 0.283203125 0.07793606875 0.283203125 0.08582832812499999 0.28515625 0.08780139375 0.28515625 0.11937043437499999 0.2880859375 0.12233003125 0.30859375 0.1213434984375 0.3134765625 0.120356965625 0.3173828125 0.11641083593749998 0.3212890625 0.11641083593749998 0.328125 0.1114781734375 0.333984375 0.0818821984375 0.3291015625 0.07694953593750001
0 0.3291015625 0.14206068125 0.30078125 0.16869705937499999 0.30078125 0.1726431890625 0.3193359375 0.19138730625 0.330078125 0.19040077500000002 0.353515625 0.1647509296875 0.353515625 0.158831734375 0.3505859375 0.15784520156249998 0.3388671875 0.14403374687499998 0.3310546875 0.14403374687499998 0.3291015625 0.14206068125
0 0.3798828125 0.15192600625 0.3701171875 0.15192600625 0.3671875 0.15685866875 0.36328125 0.158831734375 0.361328125 0.1647509296875 0.369140625 0.178562384375 0.37109375 0.18645464375 0.3759765625 0.19138730625 0.3828125 0.19040077500000002 0.3935546875 0.183495046875 0.3974609375 0.183495046875 0.3984375 0.1746162546875 0.392578125 0.1627778640625 0.3837890625 0.15389907187500002 0.3798828125 0.15192600625
0 0.4931640625 0.325555728125 0.4775390625 0.31963653281250004 0.4677734375 0.31963653281250004 0.4658203125 0.31766346875 0.4501953125 0.31963653281250004 0.443359375 0.3245691953125 0.44140625 0.328515325 0.443359375 0.3541651703125 0.4482421875 0.35909783281249996 0.4599609375 0.365017028125 0.46484375 0.364030496875 0.4794921875 0.35909783281249996 0.486328125 0.35219210625 0.48828125 0.3462729109375 0.5 0.33838065156249997 0.498046875 0.330488390625 0.4931640625 0.325555728125
0 0.5302734375 0.33739411874999997 0.5205078125 0.33739411874999997 0.5185546875 0.33542105312500003 0.5166015625 0.33739411874999997 0.5029296875 0.33739411874999997 0.48828125 0.3462729109375 0.484375 0.3541651703125 0.484375 0.36600356093749997 0.4873046875 0.368963159375 0.5048828125 0.378828484375 0.5126953125 0.38080154843749997 0.5166015625 0.3847476796875 0.5283203125 0.3847476796875 0.5302734375 0.3827746140625 0.5400390625 0.38672074375 0.54296875 0.38573421093750004 0.5546875 0.37192275625 0.5546875 0.3541651703125 0.5517578125 0.35120557343750003 0.5361328125 0.3433133140625 0.53515625 0.340353715625 0.5302734375 0.33739411874999997
0 0.5341796875 0.3847476796875 0.5322265625 0.3827746140625 0.5263671875 0.3847476796875 0.5009765625 0.3847476796875 0.48828125 0.393626471875 0.486328125 0.3995456671875 0.48828125 0.40151873125000004 0.48828125 0.4094109921875 0.490234375 0.413357121875 0.4990234375 0.42026285 0.5087890625 0.42026285 0.5107421875 0.41828978437500003 0.5205078125 0.41828978437500003 0.5224609375 0.41631671875 0.5322265625 0.41631671875 0.5361328125 0.42026285 0.541015625 0.41927631718749997 0.546875 0.41533018750000006 0.548828125 0.39757260156249996 0.544921875 0.39165340625 0.544921875 0.3877072765625 0.5400390625 0.3847476796875 0.5341796875 0.3847476796875
0 0.4912109375 0.42223591406249994 0.4873046875 0.4242089796875 0.4765625 0.43703390156250005 0.474609375 0.4449261625 0.4873046875 0.45972415 0.4951171875 0.4636702796875 0.505859375 0.46268374687499997 0.5078125 0.4567645515625 0.521484375 0.4409800328125 0.521484375 0.4350608375 0.5126953125 0.4242089796875 0.5068359375 0.42223591406249994 0.4912109375 0.42223591406249994
0 0.5556640625 0.42223591406249994 0.5517578125 0.42026285 0.5400390625 0.42026285 0.533203125 0.433087771875 0.52734375 0.4390069671875 0.525390625 0.4449261625 0.51953125 0.45084535781249996 0.51953125 0.4567645515625 0.5322265625 0.471562540625 0.5380859375 0.4735356046875 0.5419921875 0.47748173437499997 0.5546875 0.476495203125 0.5625 0.47057600781250003 0.5703125 0.45873761718750006 0.5703125 0.4449261625 0.564453125 0.43703390156250005 0.5625 0.42914164218749995 0.5556640625 0.42223591406249994
0 0.1982421875 0.15784520156249998 0.1943359375 0.15784520156249998 0.1884765625 0.16771052656250002 0.1806640625 0.16771052656250002 0.17578125 0.17067012343750002 0.1796875 0.1923738390625 0.1865234375 0.1953334375 0.189453125 0.1943469046875 0.1962890625 0.19138730625 0.197265625 0.188427709375 0.205078125 0.1825085140625 0.20703125 0.17658932031250002 0.20703125 0.17067012343750002 0.1982421875 0.15784520156249998
0 0.2265625 0.13712801875 0.2314453125 0.14206068125 0.2353515625 0.14403374687499998 0.248046875 0.1430472140625 0.25 0.139101084375 0.25 0.1312088234375 0.2431640625 0.12233003125 0.2353515625 0.120356965625 0.2265625 0.12726269375000002 0.2265625 0.13712801875
0 0.595703125 0.2574849859375 0.59375 0.261431115625 0.59375 0.26932337500000003 0.59765625 0.2732695046875 0.599609375 0.2791887 0.6064453125 0.286094428125 0.625 0.2851078953125 0.630859375 0.2772156359375 0.630859375 0.2673503109375 0.626953125 0.25945805 0.6162109375 0.24860619218750002 0.6044921875 0.24860619218750002 0.595703125 0.2574849859375
0 0.17578125 0.1746162546875 0.173828125 0.17067012343750002 0.1650390625 0.163764396875 0.1533203125 0.163764396875 0.1416015625 0.16771052656250002 0.1083984375 0.18744117656249998 0.091796875 0.20421222968750002 0.0859375 0.218023684375 0.0859375 0.21999675000000002 0.0908203125 0.222956346875 0.1005859375 0.222956346875 0.1357421875 0.2407139328125 0.150390625 0.23972739999999998 0.1611328125 0.2347947375 0.171875 0.22394287968749998 0.177734375 0.2061852953125 0.177734375 0.1825085140625 0.17578125 0.1805354484375 0.17578125 0.1746162546875
0 0.2880859375 0.1696835921875 0.2705078125 0.16771052656250002 0.2685546875 0.16573746250000002 0.2490234375 0.16573746250000002 0.244140625 0.17067012343750002 0.2421875 0.17658932031250002 0.244140625 0.20421222968750002 0.248046875 0.2140775546875 0.25390625 0.21999675000000002 0.259765625 0.23183514062500002 0.2685546875 0.2407139328125 0.2822265625 0.246633128125 0.2880859375 0.246633128125 0.2900390625 0.24860619218750002 0.310546875 0.24761965937500002 0.3203125 0.23972739999999998 0.32421875 0.22788900937499998 0.32421875 0.20421222968750002 0.322265625 0.198293034375 0.3076171875 0.18152198125000002 0.2880859375 0.1696835921875
0 0.369140625 0.1805354484375 0.3603515625 0.16573746250000002 0.3525390625 0.16771052656250002 0.333984375 0.18645464375 0.328125 0.19631996875 0.328125 0.20421222968750002 0.326171875 0.2061852953125 0.328125 0.208158359375 0.328125 0.2259159453125 0.330078125 0.23183514062500002 0.3369140625 0.236767803125 0.34375 0.2357812703125 0.3642578125 0.2288755421875 0.369140625 0.22394287968749998 0.37109375 0.218023684375 0.37109375 0.188427709375 0.369140625 0.18645464375 0.369140625 0.1805354484375
0 0.4501953125 0.120356965625 0.4423828125 0.114437771875 0.4365234375 0.114437771875 0.4189453125 0.1085185765625 0.4169921875 0.11049164062500001 0.4033203125 0.11246470625 0.388671875 0.125289628125 0.384765625 0.13712801875 0.384765625 0.148966409375 0.4091796875 0.17165665624999998 0.4189453125 0.1756027859375 0.4580078125 0.1756027859375 0.462890625 0.178562384375 0.4638671875 0.183495046875 0.4677734375 0.1854681125 0.474609375 0.1844815796875 0.4931640625 0.1795489171875 0.49609375 0.17658932031250002 0.49609375 0.16672399375 0.486328125 0.148966409375 0.4599609375 0.124303096875 0.4501953125 0.120356965625
0 0.4599609375 0.1775758515625 0.4189453125 0.1775758515625 0.4169921875 0.1795489171875 0.4111328125 0.1795489171875 0.3876953125 0.18744117656249998 0.376953125 0.198293034375 0.375 0.2022391640625 0.375 0.21210448906249998 0.37890625 0.218023684375 0.37890625 0.2219698140625 0.3857421875 0.2288755421875 0.3896484375 0.2308486078125 0.3974609375 0.2308486078125 0.3994140625 0.23282167187499997 0.404296875 0.23183514062500002 0.4130859375 0.2288755421875 0.4248046875 0.2190102171875 0.4404296875 0.21111795781249998 0.45703125 0.1923738390625 0.462890625 0.1805354484375 0.4599609375 0.1775758515625
0 0.39453125 0.35219210625 0.390625 0.340353715625 0.384765625 0.33246145625 0.384765625 0.328515325 0.37109375 0.310757740625 0.3505859375 0.29201362343750004 0.3271484375 0.2801752328125 0.3212890625 0.2801752328125 0.3193359375 0.2782021671875 0.2978515625 0.2782021671875 0.2841796875 0.2841213625 0.271484375 0.2969462859375 0.26171875 0.3166769359375 0.26171875 0.330488390625 0.26953125 0.3462729109375 0.2822265625 0.35712476875 0.2919921875 0.35909783281249996 0.3193359375 0.37488235312499996 0.3388671875 0.378828484375 0.3408203125 0.38080154843749997 0.3525390625 0.38080154843749997 0.3544921875 0.3827746140625 0.384765625 0.38178808124999997 0.392578125 0.3778419515625 0.392578125 0.37389582187500003 0.396484375 0.3679766265625 0.396484375 0.360084365625 0.39453125 0.35811130156250004 0.39453125 0.35219210625
0 0.3779296875 0.2347947375 0.3740234375 0.236767803125 0.3603515625 0.236767803125 0.34765625 0.24761965937500002 0.34765625 0.26932337500000003 0.349609375 0.27129644062499997 0.349609375 0.2791887 0.3525390625 0.2821482984375 0.359375 0.281161765625 0.3720703125 0.27622910312500004 0.380859375 0.2673503109375 0.38671875 0.2574849859375 0.3828125 0.2456465953125 0.3828125 0.23972739999999998 0.3779296875 0.2347947375
0 0.25390625 0.33838065156249997 0.251953125 0.3265422609375 0.2470703125 0.31963653281250004 0.2373046875 0.31569040312499996 0.2138671875 0.31569040312499996 0.2080078125 0.31766346875 0.19921875 0.3245691953125 0.19140625 0.33640758593750003 0.189453125 0.350219040625 0.19140625 0.35219210625 0.193359375 0.3679766265625 0.203125 0.383761146875 0.2158203125 0.3946130046875 0.2236328125 0.398559134375 0.23828125 0.39757260156249996 0.2421875 0.3955995359375 0.24609375 0.383761146875 0.259765625 0.36205743125 0.2578125 0.3561382359375 0.2578125 0.3442998453125 0.25390625 0.33838065156249997
0 0.1796875 0.39165340625 0.18359375 0.38178808124999997 0.189453125 0.3778419515625 0.19140625 0.37192275625 0.19140625 0.364030496875 0.1875 0.3541651703125 0.1875 0.340353715625 0.19140625 0.328515325 0.18359375 0.3087846765625 0.18359375 0.30286548125 0.1796875 0.291027090625 0.169921875 0.2752425703125 0.1650390625 0.27228297343749996 0.1572265625 0.2742560375 0.13671875 0.2969462859375 0.12109375 0.3245691953125 0.119140625 0.33640758593750003 0.1171875 0.33838065156249997 0.115234375 0.3561382359375 0.1171875 0.35811130156250004 0.119140625 0.37192275625 0.123046875 0.3778419515625 0.125 0.393626471875 0.126953125 0.3995456671875 0.134765625 0.4094109921875 0.140625 0.41138405625 0.1513671875 0.40842445937500005 0.15234375 0.40546486093749995 0.1572265625 0.4025052640625 0.1650390625 0.4025052640625 0.1728515625 0.398559134375 0.1796875 0.39165340625
0 0.0712890625 0.21703715156249997 0.0703125 0.23972739999999998 0.068359375 0.241700465625 0.068359375 0.291027090625 0.0703125 0.2949732203125 0.0751953125 0.29990588281249997 0.0830078125 0.3018789484375 0.0888671875 0.3077981421875 0.0966796875 0.3117442734375 0.1083984375 0.31569040312499996 0.123046875 0.31470387031249997 0.140625 0.291027090625 0.138671875 0.2653772453125 0.1162109375 0.2407139328125 0.1005859375 0.2288755421875 0.0869140625 0.22098328281250001 0.0712890625 0.21703715156249997
0 0.103515625 0.3265422609375 0.0947265625 0.3137173390625 0.0751953125 0.29990588281249997 0.0693359375 0.29793281875 0.06640625 0.300892415625 0.06640625 0.350219040625 0.076171875 0.350219040625 0.0791015625 0.34725944375 0.0830078125 0.34725944375 0.0927734375 0.3413402484375 0.1005859375 0.3393671828125 0.103515625 0.334434521875 0.103515625 0.3265422609375
0 0.11328125 0.37192275625 0.0830078125 0.35120557343750003 0.0732421875 0.3531786390625 0.064453125 0.360084365625 0.064453125 0.41927631718749997 0.0673828125 0.42223591406249994 0.0703125 0.42124938125 0.0830078125 0.41828978437500003 0.0986328125 0.41039752500000004 0.109375 0.3995456671875 0.115234375 0.3877072765625 0.115234375 0.3758688859375 0.11328125 0.37192275625
0 0.203125 0.4547914875 0.201171875 0.45084535781249996 0.1923828125 0.43999350000000004 0.1669921875 0.41828978437500003 0.1611328125 0.41631671875 0.1396484375 0.41631671875 0.1240234375 0.42223591406249994 0.119140625 0.42914164218749995 0.119140625 0.433087771875 0.107421875 0.4567645515625 0.107421875 0.46268374687499997 0.10546875 0.4646568125 0.10546875 0.4804413328125 0.107421875 0.4843874625 0.1201171875 0.4952393203125 0.1337890625 0.5031315796875 0.1533203125 0.5051046453125 0.1552734375 0.5070777093750001 0.173828125 0.5060911781249999 0.1845703125 0.5031315796875 0.19140625 0.496225853125 0.19921875 0.476495203125 0.19921875 0.47057600781250003 0.203125 0.4646568125 0.203125 0.4547914875
0 0.220703125 0.5238487625 0.2119140625 0.5149699703125 0.1845703125 0.5051046453125 0.1650390625 0.5070777093750001 0.1630859375 0.5090507750000001 0.1611328125 0.5070777093750001 0.1513671875 0.5070777093750001 0.1494140625 0.5051046453125 0.1357421875 0.5051046453125 0.1142578125 0.4932662546875 0.1025390625 0.4932662546875 0.1005859375 0.491293190625 0.0908203125 0.491293190625 0.0888671875 0.489320125 0.0849609375 0.491293190625 0.060546875 0.5238487625 0.06640625 0.5475255437500001 0.072265625 0.5593639328125 0.080078125 0.5692292578125 0.0830078125 0.570215790625 0.0888671875 0.5781080515625 0.1025390625 0.5860003109374999 0.1240234375 0.5879733765624999 0.1259765625 0.589946440625 0.16796875 0.5909329734375001 0.1923828125 0.5860003109374999 0.2060546875 0.5781080515625 0.2109375 0.5731753890625 0.22265625 0.5514716734375 0.22265625 0.5277948921875 0.220703125 0.5238487625
0 0.248046875 0.47254907187499995 0.248046875 0.466629878125 0.240234375 0.44689922656250003 0.2353515625 0.4419665640625 0.2197265625 0.43407430468749997 0.2041015625 0.43407430468749997 0.1953125 0.4409800328125 0.203125 0.4547914875 0.203125 0.4646568125 0.19921875 0.47057600781250003 0.19921875 0.476495203125 0.197265625 0.4784682671875 0.197265625 0.4843874625 0.193359375 0.496225853125 0.2138671875 0.5129969062499999 0.2216796875 0.5169430359375 0.2236328125 0.5149699703125 0.2255859375 0.5169430359375 0.228515625 0.515956503125 0.2314453125 0.5129969062499999 0.2353515625 0.5129969062499999 0.244140625 0.5041181124999999 0.25 0.49227972343750004 0.25 0.4745221375 0.248046875 0.47254907187499995
0 0.2548828125 0.42026285 0.2412109375 0.42223591406249994 0.23828125 0.42519551250000004 0.240234375 0.442953096875 0.255859375 0.46860294218750004 0.2626953125 0.47550867031250005 0.2763671875 0.48340092968750004 0.28515625 0.482414396875 0.279296875 0.4646568125 0.27734375 0.45084535781249996 0.2734375 0.442953096875 0.263671875 0.433087771875 0.26171875 0.42519551250000004 0.2548828125 0.42026285
0 0.3056640625 0.36699009375 0.2880859375 0.35909783281249996 0.2783203125 0.35909783281249996 0.2646484375 0.365017028125 0.25 0.37981501562500003 0.2421875 0.40349179687500003 0.2509765625 0.4143436546875 0.2626953125 0.42026285 0.2744140625 0.4242089796875 0.291015625 0.423222446875 0.3037109375 0.41828978437500003 0.310546875 0.41138405625 0.318359375 0.3955995359375 0.318359375 0.38178808124999997 0.314453125 0.37389582187500003 0.3056640625 0.36699009375
0 0.419921875 0.5041181124999999 0.419921875 0.496225853125 0.416015625 0.4843874625 0.408203125 0.46860294218750004 0.3955078125 0.4557780203125 0.3896484375 0.45380495468750004 0.3857421875 0.449858825 0.3818359375 0.449858825 0.3759765625 0.4459126953125 0.3681640625 0.4459126953125 0.3662109375 0.44393962968749995 0.3310546875 0.4459126953125 0.32421875 0.45084535781249996 0.31640625 0.47057600781250003 0.318359375 0.5021450468750001 0.32421875 0.5199026328125 0.3359375 0.5416063484375 0.3779296875 0.5860003109374999 0.3837890625 0.589946440625 0.3876953125 0.589946440625 0.3955078125 0.5958656359375001 0.40234375 0.594879103125 0.408203125 0.58698684375 0.416015625 0.5633100640625 0.416015625 0.55739086875 0.421875 0.5435794125 0.421875 0.5060911781249999 0.419921875 0.5041181124999999
0 0.3779296875 0.3926399390625 0.3701171875 0.3926399390625 0.3544921875 0.398559134375 0.337890625 0.4173032515625 0.33203125 0.433087771875 0.3408203125 0.438020434375 0.3486328125 0.438020434375 0.3505859375 0.43999350000000004 0.357421875 0.4390069671875 0.3740234375 0.43210123906250003 0.39453125 0.41138405625 0.400390625 0.3995456671875 0.3896484375 0.3946130046875 0.3798828125 0.3946130046875 0.3779296875 0.3926399390625
0 0.48046875 0.383761146875 0.4697265625 0.3729092890625 0.4599609375 0.368963159375 0.4482421875 0.368963159375 0.4287109375 0.37685541875 0.41015625 0.393626471875 0.396484375 0.41138405625 0.392578125 0.423222446875 0.388671875 0.42716857656249996 0.3896484375 0.43999350000000004 0.3935546875 0.4419665640625 0.427734375 0.4409800328125 0.4521484375 0.43604737031249996 0.4638671875 0.430128175 0.478515625 0.4173032515625 0.482421875 0.4074379265625 0.482421875 0.38968034218750003 0.48046875 0.383761146875
0 0.521484375 0.5179295671874999 0.5126953125 0.5090507750000001 0.5068359375 0.5070777093750001 0.4931640625 0.49721238437500004 0.4814453125 0.4932662546875 0.4755859375 0.4932662546875 0.4736328125 0.491293190625 0.4677734375 0.491293190625 0.4658203125 0.489320125 0.4306640625 0.489320125 0.419921875 0.496225853125 0.421875 0.5179295671874999 0.423828125 0.5199026328125 0.423828125 0.5277948921875 0.421875 0.5297679578125 0.4228515625 0.5465390109375 0.4365234375 0.5544312703125 0.4541015625 0.560350465625 0.4619140625 0.560350465625 0.4638671875 0.56232353125 0.494140625 0.5613369984375 0.5029296875 0.560350465625 0.5146484375 0.5544312703125 0.5185546875 0.5544312703125 0.533203125 0.5416063484375 0.529296875 0.5297679578125 0.521484375 0.5179295671874999
0 0.5703125 0.6027713640625 0.5703125 0.5771215187500001 0.5634765625 0.5682427265625 0.5576171875 0.5662696609375 0.5283203125 0.5662696609375 0.5224609375 0.5682427265625 0.5009765625 0.58205418125 0.486328125 0.598825234375 0.474609375 0.6225020140625 0.474609375 0.6363134687499999 0.4775390625 0.6392730671875 0.51953125 0.6382865343749999 0.5302734375 0.6373000015625 0.5478515625 0.6313808062499999 0.5517578125 0.6274346765625001 0.5576171875 0.6254616109375 0.56640625 0.6146097546875 0.5703125 0.6027713640625
0 0.3095703125 0.528781425 0.2919921875 0.5347006203125 0.28515625 0.5416063484375 0.28515625 0.5534447375 0.2978515625 0.5682427265625 0.3134765625 0.5781080515625 0.3193359375 0.5781080515625 0.3212890625 0.580081115625 0.33203125 0.5790945828125 0.341796875 0.5712023234375 0.345703125 0.5613369984375 0.34375 0.5593639328125 0.345703125 0.555417803125 0.3271484375 0.528781425 0.3095703125 0.528781425
0 0.2724609375 0.528781425 0.2568359375 0.520889165625 0.2529296875 0.5169430359375 0.2412109375 0.5129969062499999 0.2333984375 0.5129969062499999 0.2265625 0.5337140875 0.2265625 0.5396332828125 0.224609375 0.5416063484375 0.224609375 0.5593639328125 0.2265625 0.565283128125 0.2412109375 0.580081115625 0.2451171875 0.580081115625 0.2490234375 0.5840272453125 0.2587890625 0.5840272453125 0.2607421875 0.5860003109374999 0.271484375 0.585013778125 0.279296875 0.5731753890625 0.279296875 0.56725619375 0.283203125 0.55739086875 0.283203125 0.5435794125 0.28125 0.5396332828125 0.2724609375 0.528781425
0 0.2783203125 0.4932662546875 0.2724609375 0.4932662546875 0.2705078125 0.4952393203125 0.2587890625 0.49721238437500004 0.244140625 0.5060911781249999 0.2421875 0.512010371875 0.2451171875 0.5149699703125 0.2490234375 0.5149699703125 0.2607421875 0.5228622296875 0.2744140625 0.528781425 0.2822265625 0.5366736859375 0.28515625 0.535687153125 0.298828125 0.525821828125 0.302734375 0.5100373078125 0.2978515625 0.49918545 0.2861328125 0.4952393203125 0.2802734375 0.4952393203125 0.2783203125 0.4932662546875
0 0.259765625 0.23183514062500002 0.2392578125 0.1992795671875 0.2353515625 0.1992795671875 0.2236328125 0.19138730625 0.2158203125 0.193360371875 0.212890625 0.198293034375 0.21484375 0.21999675000000002 0.21875 0.22394287968749998 0.23046875 0.24761965937500002 0.2451171875 0.2604445828125 0.2490234375 0.2624176484375 0.255859375 0.261431115625 0.2587890625 0.2604445828125 0.263671875 0.25353885468750004 0.26171875 0.251565790625 0.26171875 0.24367352968749997 0.263671875 0.23972739999999998 0.259765625 0.23183514062500002
0 0.2236328125 0.2624176484375 0.2177734375 0.252552321875 0.2080078125 0.2505792578125 0.20703125 0.24761965937500002 0.2001953125 0.242686996875 0.1953125 0.24761965937500002 0.1953125 0.2555119203125 0.205078125 0.2752425703125 0.205078125 0.2791887 0.2158203125 0.29201362343750004 0.2255859375 0.29793281875 0.228515625 0.2969462859375 0.232421875 0.29300015625000003 0.232421875 0.289054025 0.236328125 0.28313483125 0.236328125 0.2732695046875 0.232421875 0.2653772453125 0.2236328125 0.2624176484375
0 0.4609375 0.2791887 0.462890625 0.27129644062499997 0.478515625 0.2574849859375 0.4765625 0.24761965937500002 0.4697265625 0.2446600625 0.4521484375 0.2446600625 0.4462890625 0.242686996875 0.4228515625 0.252552321875 0.3896484375 0.27622910312500004 0.384765625 0.281161765625 0.384765625 0.29891935 0.388671875 0.3048385453125 0.3955078125 0.3097712078125 0.40625 0.3087846765625 0.4150390625 0.3077981421875 0.4326171875 0.295959753125 0.4443359375 0.29201362343750004 0.4501953125 0.286094428125 0.4541015625 0.286094428125 0.4609375 0.2791887
0 0.4599609375 0.2841213625 0.4541015625 0.286094428125 0.439453125 0.300892415625 0.439453125 0.3068116109375 0.4462890625 0.3137173390625 0.4541015625 0.31766346875 0.4697265625 0.31766346875 0.4716796875 0.31963653281250004 0.48046875 0.3186500015625 0.48046875 0.3166769359375 0.4912109375 0.3077981421875 0.498046875 0.29891935 0.49609375 0.291027090625 0.4873046875 0.2841213625 0.4599609375 0.2841213625
0 0.396484375 0.320623065625 0.396484375 0.3265422609375 0.4033203125 0.33542105312500003 0.41796875 0.334434521875 0.4296875 0.320623065625 0.431640625 0.31470387031249997 0.4228515625 0.3077981421875 0.4111328125 0.3097712078125 0.4033203125 0.3137173390625 0.396484375 0.320623065625
0 0.4443359375 0.44788575937499997 0.4365234375 0.44393962968749995 0.41015625 0.4449261625 0.408203125 0.4488722921875 0.41015625 0.45873761718750006 0.4140625 0.466629878125 0.4228515625 0.47550867031250005 0.4345703125 0.481427865625 0.4541015625 0.481427865625 0.4697265625 0.4873470609375 0.4775390625 0.4873470609375 0.4794921875 0.489320125 0.48828125 0.4883335921875 0.490234375 0.482414396875 0.484375 0.4745221375 0.4677734375 0.45972415 0.4560546875 0.45380495468750004 0.4501953125 0.44788575937499997 0.4443359375 0.44788575937499997
0 0.529296875 0.2022391640625 0.5166015625 0.19138730625 0.5009765625 0.19138730625 0.474609375 0.21605062031250002 0.47265625 0.229862075 0.4765625 0.23972739999999998 0.4833984375 0.246633128125 0.4931640625 0.2505792578125 0.49609375 0.249592725 0.5048828125 0.24860619218750002 0.5185546875 0.242686996875 0.52734375 0.2338082046875 0.533203125 0.22394287968749998 0.533203125 0.21210448906249998 0.529296875 0.2022391640625
0 0.3115234375 0.43407430468749997 0.3017578125 0.430128175 0.2822265625 0.430128175 0.2783203125 0.43210123906250003 0.275390625 0.4350608375 0.275390625 0.4449261625 0.27734375 0.44689922656250003 0.279296875 0.4646568125 0.283203125 0.47057600781250003 0.283203125 0.4745221375 0.287109375 0.4804413328125 0.2919921875 0.48340092968750004 0.306640625 0.482414396875 0.3125 0.476495203125 0.3125 0.47057600781250003 0.318359375 0.46268374687499997 0.3203125 0.4567645515625 0.3203125 0.442953096875 0.3115234375 0.43407430468749997
0 0.38671875 0.7251013953125 0.388671875 0.7191822 0.38671875 0.717209134375 0.38671875 0.707343809375 0.384765625 0.7053707453125 0.3828125 0.687613159375 0.376953125 0.6777478343750001 0.373046875 0.6639363796875 0.353515625 0.62644814375 0.3330078125 0.6077040265625 0.3154296875 0.6057309609375 0.3095703125 0.61165015625 0.3037109375 0.61165015625 0.294921875 0.618555884375 0.294921875 0.6303942734375 0.29296875 0.6323673390625 0.29296875 0.6599902484375 0.294921875 0.6619633140625 0.30078125 0.69945155 0.310546875 0.721155265625 0.310546875 0.7251013953125 0.333984375 0.760616565625 0.337890625 0.768508825 0.3359375 0.7704818906249999 0.3408203125 0.775414553125 0.3466796875 0.775414553125 0.3505859375 0.7833068125 0.361328125 0.78232028125 0.3681640625 0.7813337484375 0.375 0.7744280203125 0.376953125 0.768508825 0.380859375 0.7645626953125 0.38671875 0.7468051109375 0.38671875 0.7251013953125
0 0.28125 0.658017184375 0.279296875 0.64617879375 0.2734375 0.6363134687499999 0.2734375 0.6303942734375 0.271484375 0.628421209375 0.271484375 0.59685216875 0.2666015625 0.589946440625 0.2607421875 0.5879733765624999 0.2490234375 0.5879733765624999 0.2412109375 0.5840272453125 0.2275390625 0.5840272453125 0.2158203125 0.5879733765624999 0.19921875 0.6027713640625 0.19921875 0.608690559375 0.1953125 0.618555884375 0.1953125 0.62644814375 0.193359375 0.628421209375 0.193359375 0.6520979890625 0.197265625 0.6639363796875 0.20703125 0.6836670296875 0.212890625 0.6915592890625 0.2255859375 0.7024111468750001 0.2392578125 0.7103034078125 0.2431640625 0.7103034078125 0.2509765625 0.7162226031250001 0.2626953125 0.7201687328124999 0.271484375 0.7191822 0.2822265625 0.7142495375 0.287109375 0.707343809375 0.287109375 0.6738017046875 0.28515625 0.6718286390625 0.28515625 0.6659094453125001 0.28125 0.658017184375
0 0.439453125 0.6698555749999999 0.439453125 0.6639363796875 0.435546875 0.65604411875 0.435546875 0.650124925 0.431640625 0.6382865343749999 0.408203125 0.60671749375 0.3994140625 0.5978387015625 0.3955078125 0.5978387015625 0.3916015625 0.593892571875 0.3837890625 0.59191950625 0.3701171875 0.5840272453125 0.3544921875 0.5840272453125 0.34375 0.59685216875 0.341796875 0.6027713640625 0.34765625 0.608690559375 0.34765625 0.6146097546875 0.3515625 0.6225020140625 0.357421875 0.628421209375 0.373046875 0.65604411875 0.380859375 0.6639363796875 0.388671875 0.6777478343750001 0.4033203125 0.692545821875 0.4208984375 0.7004380828125 0.435546875 0.69945155 0.44140625 0.6955054203125 0.443359375 0.6915592890625 0.443359375 0.6836670296875 0.44140625 0.6816939640624999 0.44140625 0.6718286390625 0.439453125 0.6698555749999999
0 0.5107421875 0.64124613125 0.4970703125 0.64124613125 0.4951171875 0.6392730671875 0.4814453125 0.6392730671875 0.4755859375 0.64124613125 0.4736328125 0.6392730671875 0.4677734375 0.6392730671875 0.4609375 0.65604411875 0.4609375 0.667882509375 0.462890625 0.6698555749999999 0.46484375 0.6816939640624999 0.474609375 0.69945155 0.482421875 0.707343809375 0.48828125 0.717209134375 0.5068359375 0.7339801875 0.5107421875 0.7339801875 0.5185546875 0.7398993828125 0.5263671875 0.7398993828125 0.5283203125 0.7418724484375 0.541015625 0.7408859156250001 0.5498046875 0.7379263171875 0.5546875 0.731020590625 0.5546875 0.7093168750000001 0.546875 0.68564009375 0.537109375 0.667882509375 0.5107421875 0.64124613125
0 0.4638671875 0.6846535625 0.4560546875 0.682680496875 0.4453125 0.689586225 0.439453125 0.69945155 0.439453125 0.7053707453125 0.4482421875 0.722141796875 0.4619140625 0.7300340578125 0.4736328125 0.7320071218749999 0.4755859375 0.7339801875 0.498046875 0.7329936546875 0.5 0.731020590625 0.498046875 0.727074459375 0.486328125 0.7152360703125 0.47265625 0.697478484375 0.470703125 0.6915592890625 0.4638671875 0.6846535625
0 0.4345703125 0.7004380828125 0.4091796875 0.6984650171875 0.388671875 0.7152360703125 0.388671875 0.7329936546875 0.38671875 0.7349667203125 0.384765625 0.7586435 0.3896484375 0.7635761624999999 0.3955078125 0.765549228125 0.4013671875 0.765549228125 0.4033203125 0.76752229375 0.412109375 0.7665357609375001 0.4248046875 0.7596300328125001 0.43359375 0.750751240625 0.443359375 0.7349667203125 0.4453125 0.7191822 0.439453125 0.7053707453125 0.4345703125 0.7004380828125
0 0.408203125 0.81191625625 0.40625 0.79218560625 0.400390625 0.7764010859375 0.3876953125 0.76752229375 0.3837890625 0.76752229375 0.3720703125 0.7833068125 0.3583984375 0.78725294375 0.34765625 0.7941586703125 0.333984375 0.8178354499999999 0.333984375 0.82178158125 0.330078125 0.8277007765625 0.328125 0.84151223125 0.326171875 0.8434852953125 0.326171875 0.8651890109375 0.337890625 0.8809735312500001 0.3427734375 0.88590619375 0.3525390625 0.8898523234375 0.3671875 0.8888657921875 0.3818359375 0.87604086875 0.3916015625 0.8740678046875001 0.3984375 0.8671620765625001 0.40625 0.8513775562499999 0.40625 0.8138893203125 0.408203125 0.81191625625
0 0.478515625 0.7744280203125 0.4853515625 0.7793606828125 0.4951171875 0.7911990734375001 0.51171875 0.790212540625 0.5146484375 0.7892260078125 0.517578125 0.7842933453125001 0.5107421875 0.77738761875 0.4970703125 0.7714684234375 0.478515625 0.77245495625 0.478515625 0.7744280203125
0 0.4853515625 0.82671424375 0.4580078125 0.8247411781249999 0.4541015625 0.818821984375 0.4453125 0.8178354499999999 0.4453125 0.8138893203125 0.4482421875 0.8109297234374999 0.4658203125 0.8069835937500001 0.470703125 0.800077865625 0.470703125 0.790212540625 0.46875 0.7882394749999999 0.46875 0.780347215625 0.4658203125 0.7734414875 0.4560546875 0.775414553125 0.4384765625 0.7833068125 0.4267578125 0.7911990734375001 0.41796875 0.800077865625 0.4140625 0.8079701265624999 0.4140625 0.8316469062499999 0.408203125 0.8454583609374999 0.404296875 0.869135140625 0.4091796875 0.8740678046875001 0.423828125 0.8730812718750001 0.4365234375 0.86617554375 0.4560546875 0.8602563484375001 0.4638671875 0.8543371531249999 0.4755859375 0.8503910234375001 0.486328125 0.84151223125 0.4853515625 0.82671424375
0 0.4794921875 0.8720947390625 0.4619140625 0.8642024781250001 0.4501953125 0.8642024781250001 0.4345703125 0.8720947390625 0.4306640625 0.8720947390625 0.427734375 0.8750543359374999 0.42578125 0.8809735312500001 0.421875 0.8849196609375 0.421875 0.9066233765625 0.42578125 0.9164887015625001 0.4345703125 0.927340559375 0.4443359375 0.9312866890624999 0.5 0.9303001578125001 0.5068359375 0.929313625 0.509765625 0.9243809625000001 0.5078125 0.9085964421874999 0.494140625 0.8849196609375 0.4873046875 0.878013934375 0.4794921875 0.8720947390625
0 0.642578125 0.863215946875 0.640625 0.8572967515625001 0.6279296875 0.8444718281249999 0.6181640625 0.8405256984375 0.6142578125 0.8365795687500001 0.5869140625 0.82671424375 0.5400390625 0.8247411781249999 0.5380859375 0.82671424375 0.5283203125 0.82671424375 0.5185546875 0.8306603734375001 0.5068359375 0.8385526328124999 0.498046875 0.8474314265625 0.498046875 0.8553236859375 0.4921875 0.8612428812499999 0.4921875 0.869135140625 0.5 0.8790004671875 0.501953125 0.8849196609375 0.5 0.892811921875 0.50390625 0.9007041812500001 0.5068359375 0.9036637796875 0.5146484375 0.9036637796875 0.5166015625 0.90563684375 0.556640625 0.9046503124999999 0.5927734375 0.897744584375 0.6123046875 0.8898523234375 0.6201171875 0.8819600640624999 0.6318359375 0.87604086875 0.640625 0.8671620765625001 0.642578125 0.863215946875
0 0.5732421875 0.9076099093750001 0.5439453125 0.9076099093750001 0.513671875 0.9243809625000001 0.513671875 0.9283270921875 0.5166015625 0.9312866890624999 0.5849609375 0.9312866890624999 0.5869140625 0.9332597546875 0.5908203125 0.9312866890624999 0.5947265625 0.9332597546875 0.623046875 0.932273221875 0.626953125 0.9303001578125001 0.6220703125 0.9253674953125 0.6181640625 0.9253674953125 0.5908203125 0.9115560390624999 0.5751953125 0.909582975 0.5732421875 0.9076099093750001
0 0.4140625 0.8947849874999999 0.4072265625 0.88590619375 0.3896484375 0.88590619375 0.3759765625 0.8918253890625 0.361328125 0.9046503124999999 0.353515625 0.9164887015625001 0.3583984375 0.9312866890624999 0.3759765625 0.9312866890624999 0.3779296875 0.9332597546875 0.39453125 0.932273221875 0.4130859375 0.9312866890624999 0.416015625 0.9263540265625 0.4140625 0.922407896875 0.4140625 0.912542571875 0.416015625 0.9105695062500001 0.4140625 0.8947849874999999
0 0.2041015625 0.765549228125 0.1982421875 0.765549228125 0.1943359375 0.7616030984375 0.1748046875 0.7537108375 0.1708984375 0.755683903125 0.166015625 0.7625896296875 0.16015625 0.7842933453125001 0.140625 0.800077865625 0.138671875 0.8059970609375 0.138671875 0.82178158125 0.146484375 0.8355930359375 0.1611328125 0.8444718281249999 0.1669921875 0.84644489375 0.1826171875 0.84644489375 0.1845703125 0.8444718281249999 0.1904296875 0.84644489375 0.1953125 0.8454583609374999 0.201171875 0.84151223125 0.21484375 0.82178158125 0.21875 0.8138893203125 0.22265625 0.7941586703125 0.212890625 0.7744280203125 0.2041015625 0.765549228125
0 0.1923828125 0.6609767828125 0.1787109375 0.6471653265625 0.1630859375 0.6471653265625 0.1533203125 0.65111145625 0.12890625 0.6777478343750001 0.12890625 0.689586225 0.13671875 0.7053707453125 0.1494140625 0.7181956671874999 0.1669921875 0.726087928125 0.177734375 0.7251013953125 0.1923828125 0.7201687328124999 0.203125 0.7132630046874999 0.205078125 0.7093168750000001 0.205078125 0.68564009375 0.1943359375 0.6609767828125 0.1923828125 0.6609767828125
0 0.1083984375 0.7043842125 0.10546875 0.707343809375 0.103515625 0.7191822 0.099609375 0.7251013953125 0.099609375 0.7349667203125 0.10546875 0.7428589796875 0.107421875 0.7546973703125001 0.109375 0.7566704359374999 0.109375 0.7645626953125 0.11328125 0.7744280203125 0.1259765625 0.7813337484375 0.1318359375 0.7813337484375 0.1337890625 0.7833068125 0.1416015625 0.7833068125 0.1435546875 0.785279878125 0.15625 0.7842933453125001 0.162109375 0.7744280203125 0.162109375 0.7448320453124999 0.158203125 0.7329936546875 0.1357421875 0.7083303421875 0.1279296875 0.7043842125 0.1083984375 0.7043842125
0 0.11328125 0.667882509375 0.11328125 0.650124925 0.111328125 0.648151859375 0.109375 0.6363134687499999 0.1025390625 0.6254616109375 0.0888671875 0.6175693515625 0.0732421875 0.6175693515625 0.0712890625 0.6195424171874999 0.0595703125 0.62151548125 0.056640625 0.6303942734375 0.056640625 0.687613159375 0.0546875 0.689586225 0.0546875 0.717209134375 0.056640625 0.7191822 0.056640625 0.7329936546875 0.0595703125 0.735953253125 0.06640625 0.7349667203125 0.0830078125 0.7320071218749999 0.095703125 0.717209134375 0.099609375 0.7053707453125 0.103515625 0.7014246140625 0.103515625 0.6955054203125 0.11328125 0.667882509375
0 0.103515625 0.7665357609375001 0.103515625 0.7527243046875001 0.099609375 0.7408859156250001 0.0966796875 0.7379263171875 0.0673828125 0.735953253125 0.0615234375 0.7379263171875 0.0546875 0.7448320453124999 0.0546875 0.7546973703125001 0.052734375 0.7566704359374999 0.0546875 0.7586435 0.052734375 0.760616565625 0.052734375 0.829673840625 0.0625 0.829673840625 0.0732421875 0.8247411781249999 0.078125 0.819808515625 0.09765625 0.7862664109375 0.1015625 0.7744280203125 0.1015625 0.768508825 0.103515625 0.7665357609375001
0 0.134765625 0.882946596875 0.1328125 0.8770274015625 0.1201171875 0.86617554375 0.1162109375 0.86617554375 0.1103515625 0.8622294140625 0.0986328125 0.8622294140625 0.0966796875 0.8602563484375001 0.0634765625 0.8602563484375001 0.0556640625 0.8642024781250001 0.0546875 0.869135140625 0.064453125 0.8750543359374999 0.064453125 0.8868927265625001 0.060546875 0.892811921875 0.060546875 0.9085964421874999 0.0625 0.9145156374999999 0.0673828125 0.9194483 0.08203125 0.9184617671875 0.0947265625 0.9135291046875 0.1025390625 0.9036637796875 0.1123046875 0.9036637796875 0.1201171875 0.897744584375 0.1298828125 0.8937984546875001 0.134765625 0.882946596875
0 0.12890625 0.6146097546875 0.1240234375 0.61165015625 0.1181640625 0.61165015625 0.10546875 0.6244750796874999 0.10546875 0.6303942734375 0.11328125 0.648151859375 0.11328125 0.6718286390625 0.123046875 0.6718286390625 0.138671875 0.658017184375 0.140625 0.6540710546875 0.140625 0.6422326640625 0.134765625 0.6244750796874999 0.130859375 0.6205289484375001 0.12890625 0.6146097546875
0 0.0615234375 0.580081115625 0.05859375 0.5830407140625 0.05859375 0.6205289484375001 0.0625 0.6205289484375001 0.0712890625 0.6175693515625 0.083984375 0.61658281875 0.083984375 0.608690559375 0.078125 0.594879103125 0.0654296875 0.580081115625 0.0615234375 0.580081115625
0 0.2607421875 0.7201687328124999 0.2587890625 0.7181956671874999 0.2451171875 0.7162226031250001 0.2353515625 0.7083303421875 0.2177734375 0.6984650171875 0.2138671875 0.6984650171875 0.2109375 0.7014246140625 0.212890625 0.727074459375 0.216796875 0.7329936546875 0.2373046875 0.7517377734374999 0.2490234375 0.7576569671875 0.2607421875 0.7616030984375 0.2666015625 0.7616030984375 0.2685546875 0.7635761624999999 0.298828125 0.7625896296875 0.3037109375 0.7616030984375 0.306640625 0.7586435 0.306640625 0.748778175 0.302734375 0.73891285 0.2841796875 0.7181956671874999 0.2607421875 0.7201687328124999
0 0.2666015625 0.7616030984375 0.2529296875 0.7596300328125001 0.2412109375 0.7537108375 0.232421875 0.7566704359374999 0.23046875 0.768508825 0.234375 0.7764010859375 0.2490234375 0.7892260078125 0.2626953125 0.7951452031249999 0.287109375 0.7941586703125 0.2978515625 0.7892260078125 0.3046875 0.780347215625 0.302734375 0.7665357609375001 0.2998046875 0.7635761624999999 0.2685546875 0.7635761624999999 0.2666015625 0.7616030984375
0 0.6572265625 0.609677090625 0.6455078125 0.603757896875 0.6259765625 0.603757896875 0.6181640625 0.6077040265625 0.609375 0.61658281875 0.603515625 0.6363134687499999 0.6142578125 0.6451922625 0.6201171875 0.6471653265625 0.6279296875 0.6570306515625 0.6318359375 0.6590037171875001 0.64453125 0.658017184375 0.6474609375 0.6570306515625 0.658203125 0.6442057296875 0.666015625 0.6205289484375001 0.666015625 0.6146097546875 0.6611328125 0.609677090625 0.6572265625 0.609677090625
0 0.634765625 0.5613369984375 0.6328125 0.5475255437500001 0.6240234375 0.540619815625 0.6162109375 0.540619815625 0.6142578125 0.5425928812499999 0.6064453125 0.5425928812499999 0.5966796875 0.5465390109375 0.580078125 0.5613369984375 0.57421875 0.5712023234375 0.57421875 0.5771215187500001 0.572265625 0.5790945828125 0.572265625 0.59685216875 0.5791015625 0.60178483125 0.5908203125 0.60178483125 0.5927734375 0.603757896875 0.6044921875 0.603757896875 0.6064453125 0.60178483125 0.6142578125 0.60178483125 0.6162109375 0.603757896875 0.623046875 0.6027713640625 0.634765625 0.59685216875 0.638671875 0.585013778125 0.638671875 0.5790945828125 0.63671875 0.5771215187500001 0.63671875 0.5633100640625 0.634765625 0.5613369984375
0 0.607421875 0.4981989171875 0.607421875 0.50806424375 0.60546875 0.5100373078125 0.60546875 0.515956503125 0.6083984375 0.520889165625 0.623046875 0.5199026328125 0.6318359375 0.5129969062499999 0.642578125 0.5001719828125 0.6259765625 0.47748173437499997 0.6220703125 0.47748173437499997 0.611328125 0.4883335921875 0.607421875 0.4981989171875
0 0.6240234375 0.6550575859375 0.6064453125 0.6550575859375 0.5869140625 0.6629498468749999 0.58203125 0.667882509375 0.583984375 0.6777478343750001 0.599609375 0.687613159375 0.595703125 0.6935323546875 0.595703125 0.69945155 0.5986328125 0.7024111468750001 0.609375 0.7014246140625 0.61328125 0.69945155 0.62109375 0.68564009375 0.62890625 0.6797209 0.630859375 0.6738017046875 0.62890625 0.658017184375 0.6240234375 0.6550575859375
0 0.60546875 0.6146097546875 0.5986328125 0.6057309609375 0.5791015625 0.6057309609375 0.57421875 0.6106636234375 0.57421875 0.61658281875 0.5703125 0.6225020140625 0.5703125 0.648151859375 0.5732421875 0.653084521875 0.580078125 0.6520979890625 0.5830078125 0.6491383921875 0.5908203125 0.6491383921875 0.6015625 0.6363134687499999 0.6015625 0.6323673390625 0.60546875 0.62644814375 0.60546875 0.6146097546875
0 0.5244140625 0.7734414875 0.51953125 0.77837415 0.5234375 0.790212540625 0.5283203125 0.7951452031249999 0.5400390625 0.7951452031249999 0.5517578125 0.8010643984374999 0.5615234375 0.8030374640625 0.5654296875 0.8089566578125 0.568359375 0.8079701265624999 0.568359375 0.800077865625 0.56640625 0.7961317359375 0.5625 0.790212540625 0.5498046875 0.7793606828125 0.5380859375 0.7734414875 0.5244140625 0.7734414875
0 0.5654296875 0.8247411781249999 0.5751953125 0.8247411781249999 0.576171875 0.8178354499999999 0.564453125 0.8059970609375 0.564453125 0.8040239953125001 0.5576171875 0.7990913328125 0.5498046875 0.7990913328125 0.5439453125 0.7951452031249999 0.5322265625 0.7951452031249999 0.5224609375 0.78725294375 0.5166015625 0.78725294375 0.5087890625 0.7911990734375001 0.4970703125 0.7911990734375001 0.4794921875 0.775414553125 0.4755859375 0.7734414875 0.4677734375 0.7734414875 0.466796875 0.78232028125 0.470703125 0.79218560625 0.470703125 0.800077865625 0.46875 0.8040239953125001 0.4638671875 0.8069835937500001 0.4580078125 0.8069835937500001 0.4462890625 0.8109297234374999 0.443359375 0.8178354499999999 0.4462890625 0.8207950484375001 0.4521484375 0.8207950484375001 0.4541015625 0.828687309375 0.4658203125 0.8247411781249999 0.4716796875 0.82671424375 0.4853515625 0.82671424375 0.48828125 0.8395391671875 0.494140625 0.8395391671875 0.50390625 0.8277007765625 0.5068359375 0.814875853125 0.5322265625 0.8247411781249999 0.5595703125 0.8247411781249999 0.5615234375 0.8227681140625001 0.5654296875 0.8247411781249999
0 0.5625 0.8572967515625001 0.560546875 0.863215946875 0.5537109375 0.8720947390625 0.5283203125 0.8701216734375 0.525390625 0.8730812718750001 0.525390625 0.882946596875 0.5185546875 0.88590619375 0.513671875 0.89083885625 0.5185546875 0.89971765 0.5302734375 0.9036637796875 0.537109375 0.902677246875 0.5419921875 0.9016907140624999 0.5517578125 0.8937984546875001 0.5634765625 0.8878792593749999 0.5703125 0.8790004671875 0.5693359375 0.8543371531249999 0.5625 0.8572967515625001
0 0.09375 0.6382865343749999 0.09375 0.6323673390625 0.0869140625 0.6254616109375 0.0791015625 0.6254616109375 0.0751953125 0.6274346765625001 0.0703125 0.6343404046875001 0.072265625 0.6402596 0.072265625 0.650124925 0.0703125 0.6520979890625 0.072265625 0.6619633140625 0.076171875 0.6698555749999999 0.0849609375 0.6767613015625 0.0927734375 0.6787343671875 0.0986328125 0.682680496875 0.103515625 0.6816939640624999 0.10546875 0.6797209 0.10546875 0.667882509375 0.1015625 0.6619633140625 0.103515625 0.65604411875 0.1015625 0.650124925 0.09375 0.6382865343749999
0 0.353515625 0.8947849874999999 0.3359375 0.8849196609375 0.3359375 0.8809735312500001 0.33203125 0.8750543359374999 0.3203125 0.8651890109375 0.318359375 0.8572967515625001 0.3037109375 0.8424987640625 0.3017578125 0.8424987640625 0.2861328125 0.8247411781249999 0.2744140625 0.8207950484375001 0.267578125 0.8316469062499999 0.267578125 0.8355930359375 0.2607421875 0.8405256984375 0.2548828125 0.8405256984375 0.2529296875 0.8385526328124999 0.2470703125 0.8385526328124999 0.2412109375 0.834606503125 0.2353515625 0.834606503125 0.216796875 0.84151223125 0.21484375 0.8572967515625001 0.21875 0.869135140625 0.21875 0.8809735312500001 0.22265625 0.8868927265625001 0.2119140625 0.8937984546875001 0.20703125 0.902677246875 0.201171875 0.9066233765625 0.193359375 0.9243809625000001 0.1943359375 0.9312866890624999 0.2138671875 0.9312866890624999 0.2177734375 0.9332597546875 0.2197265625 0.9312866890624999 0.2744140625 0.929313625 0.2763671875 0.9312866890624999 0.32421875 0.932273221875 0.3310546875 0.9312866890624999 0.341796875 0.9184617671875 0.341796875 0.9145156374999999 0.34765625 0.9085964421874999 0.349609375 0.8987311171875 0.353515625 0.8947849874999999
0 0.4873046875 0.570215790625 0.4775390625 0.5741619203125 0.4677734375 0.5741619203125 0.4599609375 0.5781080515625 0.4501953125 0.5761349859375 0.447265625 0.5790945828125 0.4453125 0.58698684375 0.439453125 0.594879103125 0.44140625 0.6106636234375 0.4501953125 0.6175693515625 0.462890625 0.618555884375 0.4775390625 0.61165015625 0.486328125 0.598825234375 0.486328125 0.594879103125 0.50390625 0.5790945828125 0.4990234375 0.57218885625 0.4873046875 0.570215790625
0 0.28515625 0.8059970609375 0.28515625 0.8158623859375 0.287109375 0.82178158125 0.294921875 0.829673840625 0.296875 0.8355930359375 0.3134765625 0.8523640890624999 0.318359375 0.8513775562499999 0.322265625 0.8395391671875 0.322265625 0.7961317359375 0.3095703125 0.7892260078125 0.3017578125 0.7892260078125 0.287109375 0.8020509312499999 0.28515625 0.8059970609375
0 0.5224609375 0.7714684234375 0.5341796875 0.76752229375 0.5390625 0.760616565625 0.5322265625 0.7537108375 0.5224609375 0.7497647078125 0.521484375 0.7448320453124999 0.5146484375 0.7398993828125 0.5068359375 0.7398993828125 0.5048828125 0.7379263171875 0.4775390625 0.7379263171875 0.4755859375 0.735953253125 0.4501953125 0.735953253125 0.44140625 0.7408859156250001 0.435546875 0.750751240625 0.42578125 0.760616565625 0.42578125 0.7645626953125 0.4306640625 0.7694953578125 0.4443359375 0.77738761875 0.451171875 0.7764010859375 0.4716796875 0.7694953578125 0.4912109375 0.7694953578125 0.4931640625 0.7714684234375 0.5126953125 0.7734414875 0.5146484375 0.7714684234375 0.5224609375 0.7714684234375
0 0.1748046875 0.8503910234375001 0.169921875 0.8553236859375 0.169921875 0.863215946875 0.171875 0.8671620765625001 0.1904296875 0.8898523234375 0.1982421875 0.8937984546875001 0.201171875 0.892811921875 0.201171875 0.882946596875 0.203125 0.8809735312500001 0.203125 0.859269815625 0.201171875 0.853350621875 0.1982421875 0.8503910234375001 0.1748046875 0.8503910234375001
0 0.1181640625 0.428155109375 0.1142578125 0.428155109375 0.1025390625 0.43407430468749997 0.0947265625 0.43999350000000004 0.080078125 0.4567645515625 0.080078125 0.4646568125 0.091796875 0.4745221375 0.091796875 0.4804413328125 0.087890625 0.4863605265625 0.0908203125 0.489320125 0.10546875 0.4883335921875 0.107421875 0.4863605265625 0.10546875 0.4843874625 0.10546875 0.4646568125 0.111328125 0.44689922656250003 0.119140625 0.433087771875 0.1181640625 0.428155109375
0 0.8681640625 0.07300340625 0.865234375 0.0700438078125 0.865234375 0.0621515484375 0.8623046875 0.05919195000000001 0.7822265625 0.05919195000000001 0.779296875 0.0621515484375 0.779296875 0.0739899375 0.7861328125 0.08286873125000001 0.8017578125 0.09273405625 0.8154296875 0.0947071203125 0.8173828125 0.0966801859375 0.8251953125 0.0966801859375 0.8271484375 0.0986532515625 0.8388671875 0.0986532515625 0.8408203125 0.10062631562499999 0.87890625 0.0996397828125 0.8955078125 0.09273405625 0.8984375 0.08780139375 0.89453125 0.0799091328125 0.8857421875 0.071030340625 0.8798828125 0.07300340625 0.8681640625 0.07300340625
0 0.80078125 0.24367352968749997 0.80859375 0.22788900937499998 0.818359375 0.218023684375 0.822265625 0.210131425 0.822265625 0.20421222968750002 0.82421875 0.2022391640625 0.822265625 0.188427709375 0.818359375 0.1805354484375 0.8115234375 0.1756027859375 0.8056640625 0.1756027859375 0.7958984375 0.1795489171875 0.78125 0.1943469046875 0.7734375 0.2061852953125 0.76171875 0.23183514062500002 0.759765625 0.24761965937500002 0.7578125 0.249592725 0.759765625 0.2653772453125 0.76953125 0.2752425703125 0.76953125 0.2791887 0.7744140625 0.2841213625 0.779296875 0.28313483125 0.783203125 0.281161765625 0.787109375 0.26932337500000003 0.79296875 0.2634041796875 0.796875 0.25353885468750004 0.80078125 0.249592725 0.80078125 0.24367352968749997
0 0.857421875 0.2219698140625 0.861328125 0.21210448906249998 0.861328125 0.19631996875 0.8583984375 0.1894142421875 0.8486328125 0.193360371875 0.83984375 0.20421222968750002 0.8203125 0.2219698140625 0.8125 0.23775433437500001 0.8046875 0.24761965937500002 0.8046875 0.251565790625 0.798828125 0.2634041796875 0.798828125 0.281161765625 0.8037109375 0.286094428125 0.8203125 0.2851078953125 0.8310546875 0.2841213625 0.8388671875 0.2801752328125 0.8515625 0.261431115625 0.8515625 0.2555119203125 0.857421875 0.241700465625 0.857421875 0.2219698140625
0 0.8076171875 0.15784520156249998 0.794921875 0.16869705937499999 0.791015625 0.178562384375 0.7919921875 0.18152198125000002 0.7998046875 0.1775758515625 0.8134765625 0.1775758515625 0.8203125 0.1844815796875 0.822265625 0.1923738390625 0.8251953125 0.1953334375 0.828125 0.1943469046875 0.83203125 0.19040077500000002 0.833984375 0.1844815796875 0.833984375 0.16869705937499999 0.8251953125 0.15784520156249998 0.8212890625 0.1558721375 0.8076171875 0.15784520156249998
0 0.8642578125 0.2742560375 0.8525390625 0.27622910312500004 0.8212890625 0.2939866875 0.806640625 0.3087846765625 0.806640625 0.31470387031249997 0.8115234375 0.31963653281250004 0.8486328125 0.31963653281250004 0.8505859375 0.3216095984375 0.87109375 0.320623065625 0.8876953125 0.3117442734375 0.900390625 0.2969462859375 0.900390625 0.2851078953125 0.8857421875 0.27228297343749996 0.8662109375 0.27228297343749996 0.8642578125 0.2742560375
0 0.7578125 0.21605062031250002 0.755859375 0.21210448906249998 0.7490234375 0.20519876250000002 0.7451171875 0.20519876250000002 0.7333984375 0.1992795671875 0.7158203125 0.1992795671875 0.6943359375 0.2071718265625 0.68359375 0.21999675000000002 0.681640625 0.2259159453125 0.68359375 0.229862075 0.7001953125 0.24860619218750002 0.7099609375 0.25452538750000003 0.7197265625 0.25649845312499997 0.7216796875 0.2604445828125 0.7275390625 0.2624176484375 0.73046875 0.261431115625 0.7431640625 0.2584715171875 0.75 0.249592725 0.751953125 0.2456465953125 0.751953125 0.23775433437500001 0.7578125 0.2259159453125 0.7578125 0.21605062031250002
0 0.8681640625 0.40842445937500005 0.8720703125 0.40447832968749997 0.8857421875 0.4005321984375 0.9052734375 0.3906668734375 0.927734375 0.37389582187500003 0.92578125 0.3482459765625 0.9130859375 0.3413402484375 0.8974609375 0.33739411874999997 0.8798828125 0.32752879375 0.8681640625 0.325555728125 0.8662109375 0.3235826640625 0.8466796875 0.3216095984375 0.8447265625 0.31963653281250004 0.8154296875 0.31963653281250004 0.8134765625 0.3216095984375 0.8056640625 0.3216095984375 0.7724609375 0.33542105312500003 0.759765625 0.3482459765625 0.7578125 0.3541651703125 0.7578125 0.364030496875 0.755859375 0.36600356093749997 0.7578125 0.369949690625 0.75390625 0.38178808124999997 0.755859375 0.383761146875 0.755859375 0.39165340625 0.759765625 0.40151873125000004 0.7666015625 0.40842445937500005 0.7802734375 0.4143436546875 0.7978515625 0.41631671875 0.7998046875 0.41828978437500003 0.818359375 0.4173032515625 0.8349609375 0.41631671875 0.8369140625 0.4143436546875 0.8466796875 0.4143436546875 0.8486328125 0.41237058906249996 0.8623046875 0.41039752500000004 0.8681640625 0.40842445937500005
0 0.7314453125 0.2841213625 0.7021484375 0.27228297343749996 0.6826171875 0.27228297343749996 0.6806640625 0.2703099078125 0.6767578125 0.27228297343749996 0.6689453125 0.27228297343749996 0.658203125 0.281161765625 0.66015625 0.300892415625 0.6640625 0.3048385453125 0.666015625 0.31273080625 0.6689453125 0.31569040312499996 0.6728515625 0.31569040312499996 0.677734375 0.3245691953125 0.6943359375 0.3413402484375 0.7060546875 0.34725944375 0.7080078125 0.345286378125 0.7275390625 0.345286378125 0.7373046875 0.3531786390625 0.74609375 0.35219210625 0.755859375 0.33640758593750003 0.7578125 0.3245691953125 0.7421875 0.3048385453125 0.73828125 0.2969462859375 0.73828125 0.291027090625 0.7314453125 0.2841213625
0 0.73828125 0.38968034218750003 0.7421875 0.383761146875 0.7421875 0.37389582187500003 0.744140625 0.37192275625 0.744140625 0.364030496875 0.7421875 0.36205743125 0.7421875 0.35219210625 0.744140625 0.3482459765625 0.7412109375 0.3492325078125 0.7333984375 0.33739411874999997 0.7294921875 0.33739411874999997 0.7255859375 0.3413402484375 0.7099609375 0.33739411874999997 0.7109375 0.34232678125 0.7080078125 0.345286378125 0.6962890625 0.345286378125 0.6767578125 0.3531786390625 0.6650390625 0.3531786390625 0.6591796875 0.34725944375 0.6533203125 0.34725944375 0.623046875 0.37389582187500003 0.615234375 0.3877072765625 0.611328125 0.40151873125000004 0.60546875 0.4074379265625 0.599609375 0.41927631718749997 0.599609375 0.423222446875 0.59375 0.4350608375 0.59375 0.43703390156250005 0.5986328125 0.43999350000000004 0.6025390625 0.43604737031249996 0.6103515625 0.43407430468749997 0.6201171875 0.41631671875 0.6435546875 0.4025052640625 0.6533203125 0.3906668734375 0.6611328125 0.388693809375 0.669921875 0.39757260156249996 0.669921875 0.40546486093749995 0.671875 0.4094109921875 0.6796875 0.41533018750000006 0.6796875 0.41927631718749997 0.6865234375 0.42618204375 0.7001953125 0.42618204375 0.705078125 0.43111470625 0.705078125 0.4390069671875 0.703125 0.442953096875 0.7060546875 0.4459126953125 0.7099609375 0.4459126953125 0.7177734375 0.4557780203125 0.720703125 0.4547914875 0.7265625 0.42914164218749995 0.7314453125 0.42618204375 0.734375 0.42124938125 0.736328125 0.3995456671875 0.73828125 0.39757260156249996 0.73828125 0.38968034218750003
0 0.716796875 0.555417803125 0.72265625 0.5455524781250001 0.72265625 0.5376602171875 0.724609375 0.535687153125 0.724609375 0.5100373078125 0.72265625 0.50806424375 0.72265625 0.496225853125 0.7158203125 0.4873470609375 0.6923828125 0.4873470609375 0.6708984375 0.4952393203125 0.646484375 0.5179295671874999 0.638671875 0.5337140875 0.63671875 0.555417803125 0.640625 0.5613369984375 0.640625 0.56725619375 0.6484375 0.5830407140625 0.6572265625 0.5879733765624999 0.6650390625 0.5879733765624999 0.6728515625 0.59191950625 0.677734375 0.5909329734375001 0.6884765625 0.589946440625 0.7021484375 0.58205418125 0.708984375 0.575148453125 0.7109375 0.5692292578125 0.71484375 0.565283128125 0.716796875 0.555417803125
0 0.7548828125 0.45183188906250005 0.7333984375 0.45183188906250005 0.7314453125 0.45380495468750004 0.7236328125 0.45380495468750004 0.7197265625 0.457751084375 0.7158203125 0.4557780203125 0.7021484375 0.4557780203125 0.6953125 0.46268374687499997 0.69140625 0.47057600781250003 0.69140625 0.4784682671875 0.689453125 0.4804413328125 0.69140625 0.4863605265625 0.7158203125 0.48537399531250003 0.7197265625 0.47945479999999996 0.720703125 0.4883335921875 0.7265625 0.496225853125 0.7314453125 0.501158515625 0.7353515625 0.5031315796875 0.73828125 0.5021450468750001 0.7470703125 0.49918545 0.771484375 0.476495203125 0.7734375 0.47254907187499995 0.771484375 0.46268374687499997 0.7646484375 0.4557780203125 0.7548828125 0.45183188906250005
0 0.8408203125 0.4557780203125 0.8232421875 0.43604737031249996 0.8095703125 0.43407430468749997 0.78125 0.4547914875 0.78125 0.46268374687499997 0.7890625 0.4745221375 0.8017578125 0.4873470609375 0.8193359375 0.4952393203125 0.8359375 0.49425278749999996 0.8447265625 0.491293190625 0.85546875 0.4804413328125 0.857421875 0.47057600781250003 0.853515625 0.46268374687499997 0.8486328125 0.457751084375 0.8408203125 0.4557780203125
0 0.92578125 0.4883335921875 0.92578125 0.4784682671875 0.9228515625 0.47550867031250005 0.9169921875 0.4735356046875 0.9013671875 0.4735356046875 0.8994140625 0.471562540625 0.8701171875 0.4735356046875 0.8583984375 0.47748173437499997 0.8427734375 0.4932662546875 0.8330078125 0.49721238437500004 0.8193359375 0.49721238437500004 0.814453125 0.5021450468750001 0.814453125 0.515956503125 0.81640625 0.5218756984375 0.8271484375 0.5347006203125 0.8349609375 0.5386467500000001 0.865234375 0.5376602171875 0.8740234375 0.5366736859375 0.8876953125 0.530754490625 0.8916015625 0.5268083609375 0.8974609375 0.5248352953125 0.91015625 0.512010371875 0.92578125 0.4883335921875
0 0.8544921875 0.5425928812499999 0.8291015625 0.5465390109375 0.8095703125 0.5564043359374999 0.802734375 0.5712023234375 0.79296875 0.5810676484374999 0.791015625 0.594879103125 0.7998046875 0.6057309609375 0.8095703125 0.609677090625 0.822265625 0.608690559375 0.8349609375 0.603757896875 0.84765625 0.5909329734375001 0.85546875 0.575148453125 0.857421875 0.5593639328125 0.85546875 0.55739086875 0.8544921875 0.5425928812499999
0 0.7529296875 0.528781425 0.7451171875 0.5248352953125 0.7373046875 0.5248352953125 0.7265625 0.5337140875 0.724609375 0.5494986078124999 0.72265625 0.5514716734375 0.72265625 0.5633100640625 0.7314453125 0.5761349859375 0.7431640625 0.58205418125 0.7529296875 0.5840272453125 0.7587890625 0.5879733765624999 0.76171875 0.58698684375 0.7744140625 0.5860003109374999 0.77734375 0.5830407140625 0.779296875 0.5790945828125 0.77734375 0.5633100640625 0.765625 0.5435794125 0.7529296875 0.528781425
0 0.7373046875 0.5879733765624999 0.7099609375 0.5879733765624999 0.7080078125 0.589946440625 0.7021484375 0.589946440625 0.6962890625 0.593892571875 0.6865234375 0.5958656359375001 0.67578125 0.60671749375 0.66796875 0.618555884375 0.6708984375 0.623488546875 0.6767578125 0.6254616109375 0.69921875 0.6244750796874999 0.7138671875 0.62151548125 0.7197265625 0.6175693515625 0.7275390625 0.6155962859375 0.744140625 0.6007982984375 0.744140625 0.594879103125 0.7373046875 0.5879733765624999
0 0.740234375 0.7132630046874999 0.716796875 0.6718286390625 0.7041015625 0.6590037171875001 0.6904296875 0.65111145625 0.6748046875 0.6491383921875 0.66796875 0.6540710546875 0.6650390625 0.6609767828125 0.6552734375 0.6609767828125 0.6533203125 0.6629498468749999 0.6474609375 0.6609767828125 0.642578125 0.6639363796875 0.640625 0.6698555749999999 0.642578125 0.68564009375 0.654296875 0.7033976796875 0.6669921875 0.7162226031250001 0.6884765625 0.7320071218749999 0.7021484375 0.7379263171875 0.7060546875 0.7418724484375 0.7099609375 0.7418724484375 0.7158203125 0.745818578125 0.7333984375 0.7517377734374999 0.744140625 0.750751240625 0.748046875 0.7428589796875 0.74609375 0.7408859156250001 0.74609375 0.7329936546875 0.744140625 0.731020590625 0.744140625 0.7251013953125 0.740234375 0.7132630046874999
0 0.8896484375 0.593892571875 0.8818359375 0.5978387015625 0.8740234375 0.6077040265625 0.8642578125 0.61165015625 0.857421875 0.6205289484375001 0.857421875 0.628421209375 0.845703125 0.6363134687499999 0.845703125 0.6402596 0.8486328125 0.64124613125 0.8525390625 0.6471653265625 0.8642578125 0.65111145625 0.8740234375 0.65111145625 0.8779296875 0.6491383921875 0.8837890625 0.653084521875 0.8896484375 0.653084521875 0.8916015625 0.6550575859375 0.9052734375 0.6550575859375 0.9072265625 0.6570306515625 0.9208984375 0.6570306515625 0.9228515625 0.6590037171875001 0.9296875 0.658017184375 0.93359375 0.65604411875 0.93359375 0.6007982984375 0.9306640625 0.593892571875 0.9228515625 0.593892571875 0.9208984375 0.59191950625 0.8896484375 0.593892571875
0 0.8828125 0.5455524781250001 0.884765625 0.555417803125 0.880859375 0.5613369984375 0.880859375 0.5790945828125 0.8896484375 0.5879733765624999 0.90625 0.588959909375 0.9287109375 0.5879733765624999 0.931640625 0.585013778125 0.9306640625 0.5248352953125 0.9052734375 0.5248352953125 0.8974609375 0.528781425 0.8828125 0.5455524781250001
0 0.912109375 0.7251013953125 0.91015625 0.7191822 0.8935546875 0.7043842125 0.8740234375 0.7043842125 0.8720703125 0.7004380828125 0.8583984375 0.7043842125 0.85546875 0.707343809375 0.85546875 0.7152360703125 0.853515625 0.717209134375 0.85546875 0.73891285 0.865234375 0.768508825 0.87109375 0.7764010859375 0.876953125 0.790212540625 0.890625 0.8079701265624999 0.9033203125 0.818821984375 0.9150390625 0.8207950484375001 0.9228515625 0.8247411781249999 0.931640625 0.8237546468750001 0.935546875 0.819808515625 0.93359375 0.77245495625 0.923828125 0.760616565625 0.923828125 0.7527243046875001 0.916015625 0.729047525 0.912109375 0.7251013953125
0 0.8212890625 0.745818578125 0.8193359375 0.7438455125 0.8095703125 0.7438455125 0.8056640625 0.745818578125 0.8037109375 0.7438455125 0.7958984375 0.7438455125 0.7919921875 0.7418724484375 0.7822265625 0.7477916421875 0.771484375 0.7586435 0.767578125 0.7665357609375001 0.767578125 0.7744280203125 0.7841796875 0.7931721390625001 0.7978515625 0.79711826875 0.8037109375 0.8010643984374999 0.8125 0.800077865625 0.8173828125 0.7990913328125 0.828125 0.7862664109375 0.837890625 0.7665357609375001 0.837890625 0.7546973703125001 0.8271484375 0.745818578125 0.8212890625 0.745818578125
0 0.857421875 0.790212540625 0.8525390625 0.785279878125 0.8427734375 0.7813337484375 0.8330078125 0.7813337484375 0.8173828125 0.8010643984374999 0.8076171875 0.8010643984374999 0.7939453125 0.7951452031249999 0.7841796875 0.7951452031249999 0.78125 0.7981048015625001 0.783203125 0.8099431906250001 0.791015625 0.82178158125 0.7998046875 0.828687309375 0.8154296875 0.828687309375 0.8173828125 0.8306603734375001 0.837890625 0.829673840625 0.8486328125 0.8247411781249999 0.8544921875 0.8247411781249999 0.861328125 0.8138893203125 0.861328125 0.800077865625 0.857421875 0.7941586703125 0.857421875 0.790212540625
0 0.7783203125 0.828687309375 0.7724609375 0.828687309375 0.7685546875 0.8326334390625 0.7626953125 0.8306603734375001 0.7568359375 0.8326334390625 0.7509765625 0.8405256984375 0.7470703125 0.8405256984375 0.7412109375 0.8444718281249999 0.7373046875 0.8424987640625 0.734375 0.8355930359375 0.732421875 0.8355930359375 0.732421875 0.84151223125 0.7373046875 0.848417959375 0.7431640625 0.848417959375 0.7509765625 0.8424987640625 0.7568359375 0.8503910234375001 0.7626953125 0.8503910234375001 0.7744140625 0.8642024781250001 0.77734375 0.863215946875 0.7841796875 0.8602563484375001 0.7890625 0.8553236859375 0.791015625 0.849404490625 0.787109375 0.8355930359375 0.7822265625 0.8306603734375001 0.7783203125 0.828687309375
0 0.734375 0.79218560625 0.734375 0.800077865625 0.732421875 0.8059970609375 0.728515625 0.8099431906250001 0.728515625 0.8138893203125 0.732421875 0.8158623859375 0.732421875 0.819808515625 0.7353515625 0.8227681140625001 0.7431640625 0.82671424375 0.74609375 0.8257277109375 0.7509765625 0.8247411781249999 0.767578125 0.8059970609375 0.765625 0.7981048015625001 0.7509765625 0.7813337484375 0.7451171875 0.7813337484375 0.734375 0.79218560625
0 0.728515625 0.79218560625 0.7197265625 0.7793606828125 0.7119140625 0.7793606828125 0.7001953125 0.785279878125 0.697265625 0.7882394749999999 0.6953125 0.7981048015625001 0.6875 0.81191625625 0.6875 0.8237546468750001 0.69140625 0.8316469062499999 0.6982421875 0.8365795687500001 0.708984375 0.8355930359375 0.7158203125 0.8326334390625 0.72265625 0.8257277109375 0.724609375 0.82178158125 0.724609375 0.8079701265624999 0.728515625 0.8020509312499999 0.728515625 0.79218560625
0 0.7646484375 0.909582975 0.767578125 0.9007041812500001 0.765625 0.89083885625 0.76171875 0.8868927265625001 0.759765625 0.8809735312500001 0.75390625 0.8770274015625 0.755859375 0.8750543359374999 0.755859375 0.8671620765625001 0.7509765625 0.8642024781250001 0.7470703125 0.86617554375 0.7314453125 0.8642024781250001 0.7294921875 0.86617554375 0.7236328125 0.8622294140625 0.7197265625 0.8642024781250001 0.712890625 0.8730812718750001 0.712890625 0.8809735312500001 0.7197265625 0.8839331296875 0.7275390625 0.8918253890625 0.7412109375 0.8957715187499999 0.748046875 0.9007041812500001 0.7470703125 0.90563684375 0.7392578125 0.9036637796875 0.7353515625 0.90563684375 0.734375 0.9085964421874999 0.7412109375 0.9115560390624999 0.7421875 0.9085964421874999 0.7451171875 0.9076099093750001 0.74609375 0.9145156374999999 0.7421875 0.9184617671875 0.7451171875 0.9233944296875001 0.75 0.922407896875 0.75 0.9164887015625001 0.7587890625 0.91550216875 0.759765625 0.912542571875 0.7578125 0.9085964421874999 0.7607421875 0.9076099093750001 0.7646484375 0.909582975
0 0.7021484375 0.88590619375 0.6865234375 0.8878792593749999 0.673828125 0.9007041812500001 0.669921875 0.9243809625000001 0.6748046875 0.9312866890624999 0.6845703125 0.9312866890624999 0.6865234375 0.929313625 0.6884765625 0.9312866890624999 0.6943359375 0.9312866890624999 0.6962890625 0.929313625 0.7021484375 0.9312866890624999 0.70703125 0.9303001578125001 0.712890625 0.9283270921875 0.712890625 0.922407896875 0.716796875 0.9164887015625001 0.716796875 0.9046503124999999 0.7041015625 0.8839331296875 0.7021484375 0.88590619375
0 0.89453125 0.8888657921875 0.908203125 0.87110820625 0.91015625 0.863215946875 0.921875 0.8454583609374999 0.923828125 0.8375661015625001 0.9169921875 0.828687309375 0.9052734375 0.828687309375 0.8974609375 0.8227681140625001 0.8818359375 0.8247411781249999 0.8505859375 0.84644489375 0.837890625 0.859269815625 0.8203125 0.8967580515625 0.818359375 0.9105695062500001 0.81640625 0.912542571875 0.81640625 0.9204348328125 0.8212890625 0.929313625 0.83984375 0.9283270921875 0.8623046875 0.9253674953125 0.8642578125 0.9214213640625 0.8740234375 0.91550216875 0.884765625 0.902677246875 0.890625 0.8987311171875 0.89453125 0.8888657921875
0 0.9375 0.8572967515625001 0.9345703125 0.848417959375 0.9248046875 0.8523640890624999 0.912109375 0.863215946875 0.904296875 0.882946596875 0.904296875 0.8967580515625 0.908203125 0.902677246875 0.9189453125 0.9115560390624999 0.9248046875 0.9135291046875 0.9296875 0.912542571875 0.9296875 0.892811921875 0.923828125 0.8849196609375 0.923828125 0.8750543359374999 0.9267578125 0.8720947390625 0.9375 0.869135140625 0.9375 0.8572967515625001
0 0.7373046875 0.62151548125 0.7314453125 0.6155962859375 0.7255859375 0.6155962859375 0.7138671875 0.62151548125 0.7080078125 0.62151548125 0.69921875 0.628421209375 0.703125 0.6382865343749999 0.703125 0.650124925 0.705078125 0.6540710546875 0.7177734375 0.6649229109375 0.728515625 0.6639363796875 0.7333984375 0.6629498468749999 0.7421875 0.6540710546875 0.748046875 0.6442057296875 0.748046875 0.628421209375 0.74609375 0.6244750796874999 0.7373046875 0.62151548125
0 0.8828125 0.413357121875 0.880859375 0.4074379265625 0.8759765625 0.40447832968749997 0.8642578125 0.41039752500000004 0.8369140625 0.41631671875 0.833984375 0.41927631718749997 0.833984375 0.433087771875 0.83984375 0.4449261625 0.83984375 0.4488722921875 0.85546875 0.46268374687499997 0.8603515625 0.471562540625 0.876953125 0.47057600781250003 0.884765625 0.4646568125 0.88671875 0.45873761718750006 0.880859375 0.4409800328125 0.880859375 0.43111470625 0.8828125 0.42914164218749995 0.8828125 0.413357121875
0 0.927734375 0.38573421093750004 0.9248046875 0.38080154843749997 0.9228515625 0.3847476796875 0.9130859375 0.38672074375 0.9052734375 0.3946130046875 0.8955078125 0.39658606875 0.8828125 0.40546486093749995 0.8828125 0.43703390156250005 0.8876953125 0.44788575937499997 0.890625 0.44689922656250003 0.8916015625 0.4419665640625 0.8955078125 0.4419665640625 0.8984375 0.4449261625 0.8984375 0.45873761718750006 0.900390625 0.46071068281249994 0.8984375 0.466629878125 0.9013671875 0.469589475 0.9052734375 0.471562540625 0.9189453125 0.471562540625 0.9208984375 0.4735356046875 0.92578125 0.47254907187499995 0.9296875 0.46860294218750004 0.9296875 0.4173032515625 0.921875 0.4074379265625 0.9248046875 0.40645139375 0.927734375 0.40151873125000004 0.927734375 0.38573421093750004
0 0.7119140625 0.745818578125 0.7001953125 0.7398993828125 0.6962890625 0.7398993828125 0.6806640625 0.7320071218749999 0.6767578125 0.7280609921875 0.6689453125 0.726087928125 0.6630859375 0.7181956671874999 0.6552734375 0.7142495375 0.6455078125 0.7142495375 0.634765625 0.7349667203125 0.634765625 0.7468051109375 0.638671875 0.7527243046875001 0.6357421875 0.7537108375 0.6318359375 0.7497647078125 0.611328125 0.750751240625 0.611328125 0.7625896296875 0.61328125 0.7645626953125 0.615234375 0.7764010859375 0.6201171875 0.785279878125 0.6318359375 0.7931721390625001 0.6337890625 0.79711826875 0.6474609375 0.805010528125 0.6669921875 0.8030374640625 0.6728515625 0.8069835937500001 0.6787109375 0.8069835937500001 0.6806640625 0.8109297234374999 0.68359375 0.8099431906250001 0.689453125 0.8040239953125001 0.697265625 0.7862664109375 0.7099609375 0.7793606828125 0.71484375 0.7744280203125 0.71875 0.7527243046875001 0.7119140625 0.745818578125
0 0.125 0.0996397828125 0.1318359375 0.104572446875 0.140625 0.10358591406249999 0.146484375 0.09766671875 0.146484375 0.08780139375 0.1357421875 0.0789226015625 0.1318359375 0.080895665625 0.125 0.0897744578125 0.125 0.0996397828125
0 0.7822265625 0.7162226031250001 0.7900390625 0.7162226031250001 0.79296875 0.7112899390625 0.79296875 0.7033976796875 0.77734375 0.6915592890625 0.779296875 0.689586225 0.779296875 0.6816939640624999 0.7734375 0.6718286390625 0.7724609375 0.6590037171875001 0.7646484375 0.6609767828125 0.7529296875 0.6767613015625 0.7392578125 0.6767613015625 0.728515625 0.68564009375 0.740234375 0.7014246140625 0.73828125 0.7093168750000001 0.7421875 0.7152360703125 0.744140625 0.727074459375 0.74609375 0.729047525 0.74609375 0.736939784375 0.748046875 0.73891285 0.748046875 0.7566704359374999 0.74609375 0.7586435 0.7490234375 0.7635761624999999 0.755859375 0.7625896296875 0.7607421875 0.7576569671875 0.7646484375 0.7576569671875 0.775390625 0.7448320453124999 0.77734375 0.7408859156250001 0.775390625 0.7251013953125 0.7822265625 0.7162226031250001
0 0.5859375 0.36600356093749997 0.587890625 0.364030496875 0.587890625 0.350219040625 0.58984375 0.3482459765625 0.58984375 0.33838065156249997 0.591796875 0.33640758593750003 0.591796875 0.3245691953125 0.5947265625 0.3216095984375 0.6064453125 0.3216095984375 0.609375 0.3186500015625 0.609375 0.31273080625 0.611328125 0.310757740625 0.611328125 0.2949732203125 0.6083984375 0.2900405578125 0.6044921875 0.2900405578125 0.59765625 0.28313483125 0.59765625 0.2791887 0.591796875 0.26932337500000003 0.591796875 0.2634041796875 0.59375 0.261431115625 0.59375 0.2555119203125 0.59765625 0.24367352968749997 0.5654296875 0.213091021875 0.5556640625 0.20914489218750001 0.5380859375 0.193360371875 0.5283203125 0.19138730625 0.525390625 0.19631996875 0.529296875 0.20026609999999997 0.529296875 0.20421222968750002 0.533203125 0.210131425 0.533203125 0.2259159453125 0.529296875 0.2338082046875 0.5087890625 0.252552321875 0.5029296875 0.252552321875 0.494140625 0.2574849859375 0.494140625 0.2634041796875 0.4921875 0.2653772453125 0.4921875 0.28313483125 0.498046875 0.289054025 0.49609375 0.3166769359375 0.501953125 0.330488390625 0.5068359375 0.33542105312500003 0.5322265625 0.33739411874999997 0.5546875 0.3541651703125 0.556640625 0.369949690625 0.546875 0.38573421093750004 0.548828125 0.39165340625 0.5517578125 0.3946130046875 0.5546875 0.393626471875 0.5576171875 0.3906668734375 0.5615234375 0.3906668734375 0.5771484375 0.3827746140625 0.5859375 0.3758688859375 0.587890625 0.37192275625 0.5859375 0.36600356093749997
0 0.6015625 0.40546486093749995 0.61328125 0.38968034218750003 0.611328125 0.38178808124999997 0.6025390625 0.3729092890625 0.5947265625 0.3729092890625 0.5791015625 0.38080154843749997 0.5751953125 0.3847476796875 0.5537109375 0.3946130046875 0.548828125 0.40151873125000004 0.548828125 0.4173032515625 0.5576171875 0.42223591406249994 0.564453125 0.42914164218749995 0.564453125 0.433087771875 0.572265625 0.4488722921875 0.572265625 0.4567645515625 0.5771484375 0.45972415 0.58203125 0.45873761718750006 0.587890625 0.4567645515625 0.5859375 0.4488722921875 0.58984375 0.442953096875 0.591796875 0.43111470625 0.59765625 0.42124938125 0.6015625 0.40546486093749995
0 0.685546875 0.2456465953125 0.67578125 0.229862075 0.673828125 0.2259159453125 0.673828125 0.218023684375 0.669921875 0.21210448906249998 0.6533203125 0.20125263124999998 0.638671875 0.18645464375 0.6337890625 0.1756027859375 0.6259765625 0.173629721875 0.6162109375 0.16771052656250002 0.6005859375 0.16771052656250002 0.599609375 0.20421222968750002 0.607421875 0.22788900937499998 0.60546875 0.229862075 0.607421875 0.23183514062500002 0.607421875 0.23972739999999998 0.6123046875 0.246633128125 0.6181640625 0.24860619218750002 0.623046875 0.25353885468750004 0.630859375 0.2673503109375 0.6376953125 0.2742560375 0.6533203125 0.2821482984375 0.65625 0.281161765625 0.6650390625 0.27228297343749996 0.6708984375 0.2703099078125 0.6943359375 0.2703099078125 0.697265625 0.2653772453125 0.697265625 0.25945805 0.685546875 0.2456465953125
0 0.1181640625 0.7813337484375 0.1083984375 0.7813337484375 0.103515625 0.7842933453125001 0.1015625 0.790212540625 0.09375 0.800077865625 0.09375 0.8040239953125001 0.08984375 0.8099431906250001 0.08984375 0.82178158125 0.095703125 0.8316469062499999 0.1123046875 0.848417959375 0.1181640625 0.8503910234375001 0.125 0.849404490625 0.13671875 0.8355930359375 0.13671875 0.800077865625 0.134765625 0.7981048015625001 0.134765625 0.79218560625 0.1298828125 0.78725294375 0.1181640625 0.7813337484375