0 0.25 0.1476064828125 0.25 0.12977482812500002 0.2333984375 0.11293381875 0.2216796875 0.11095252343749999 0.2197265625 0.10897122968749999 0.2099609375 0.10897122968749999 0.2080078125 0.11095252343749999 0.2021484375 0.11095252343749999 0.1884765625 0.1188777046875 0.158203125 0.15156907343749998 0.138671875 0.187232384375 0.138671875 0.191194975 0.1455078125 0.1961482125 0.1875 0.1951575640625 0.2060546875 0.1902043265625 0.2314453125 0.17633526093750002 0.240234375 0.167419434375 0.244140625 0.15751295781250002 0.248046875 0.15355036875 0.25 0.1476064828125
0 0.3583984375 0.17831655625 0.3564453125 0.17633526093750002 0.3388671875 0.17633526093750002 0.3369140625 0.17831655625 0.3310546875 0.17831655625 0.2958984375 0.192185621875 0.283203125 0.2030827453125 0.275390625 0.2209144 0.27734375 0.244689940625 0.2900390625 0.2555870640625 0.3017578125 0.2595496546875 0.3046875 0.25855900625 0.3271484375 0.25162447499999996 0.3515625 0.2328021703125 0.376953125 0.1931762703125 0.37890625 0.18326979375000002 0.3740234375 0.17831655625 0.3583984375 0.17831655625
0 0.2724609375 0.1426532453125 0.2568359375 0.14067195 0.25 0.1476064828125 0.25 0.15156907343749998 0.2421875 0.169400728125 0.240234375 0.1931762703125 0.2421875 0.1951575640625 0.244140625 0.207045334375 0.25390625 0.2228956953125 0.2607421875 0.22784893281250002 0.26953125 0.2268582859375 0.2734375 0.22487699062500002 0.27734375 0.211007925 0.28125 0.205064040625 0.2890625 0.169400728125 0.29296875 0.1614755484375 0.2724609375 0.1426532453125
0 0.1513671875 0.11293381875 0.1357421875 0.10302734375 0.1298828125 0.10302734375 0.125 0.10798058125000001 0.123046875 0.1139244671875 0.109375 0.12383094218749999 0.109375 0.15355036875 0.1123046875 0.15850360624999998 0.1279296875 0.1664287859375 0.138671875 0.1654381390625 0.1494140625 0.1624661953125 0.16015625 0.149587778125 0.162109375 0.1436438921875 0.162109375 0.1277935328125 0.158203125 0.1198683515625 0.1513671875 0.11293381875
0 0.1611328125 0.0733079171875 0.1494140625 0.0733079171875 0.1416015625 0.06934532812500001 0.1220703125 0.06934532812500001 0.119140625 0.0723172703125 0.119140625 0.08816763125 0.12109375 0.094111515625 0.1279296875 0.10104604843750001 0.1474609375 0.106989934375 0.162109375 0.1059992859375 0.1767578125 0.10104604843750001 0.18359375 0.0960928109375 0.181640625 0.08024244999999999 0.1728515625 0.0634014421875 0.1669921875 0.0634014421875 0.1611328125 0.0733079171875
0 0.2099609375 0.0653827375 0.1962890625 0.0653827375 0.189453125 0.0683546796875 0.189453125 0.084205040625 0.1953125 0.09807410625 0.2041015625 0.106989934375 0.228515625 0.1059992859375 0.232421875 0.1000554015625 0.232421875 0.08024244999999999 0.2275390625 0.0733079171875 0.2177734375 0.0673640328125 0.2119140625 0.0673640328125 0.2099609375 0.0653827375
0 0.236328125 0.066373384375 0.236328125 0.084205040625 0.244140625 0.10798058125000001 0.2529296875 0.11689640937500001 0.2587890625 0.11689640937500001 0.2685546875 0.1248215890625 0.2734375 0.12383094218749999 0.283203125 0.1159057625 0.291015625 0.1040179921875 0.30078125 0.084205040625 0.302734375 0.0643920890625 0.2392578125 0.0634014421875 0.236328125 0.066373384375
0 0.3701171875 0.126802884375 0.3544921875 0.1188777046875 0.3486328125 0.11689640937500001 0.3349609375 0.11689640937500001 0.3193359375 0.1248215890625 0.296875 0.149587778125 0.296875 0.1614755484375 0.2998046875 0.164447490625 0.3115234375 0.1664287859375 0.3271484375 0.17831655625 0.3349609375 0.17831655625 0.3369140625 0.17633526093750002 0.3623046875 0.17633526093750002 0.3642578125 0.17831655625 0.3740234375 0.17831655625 0.3779296875 0.182279146875 0.384765625 0.1812884984375 0.388671875 0.1753446140625 0.388671875 0.1555316625 0.38671875 0.15355036875 0.38671875 0.1476064828125 0.3828125 0.139681303125 0.3701171875 0.126802884375
0 0.39453125 0.0683546796875 0.3916015625 0.0653827375 0.3349609375 0.0653827375 0.3330078125 0.0634014421875 0.3251953125 0.0634014421875 0.318359375 0.066373384375 0.3330078125 0.0812330984375 0.3388671875 0.08321439375 0.3662109375 0.10500863906249999 0.3876953125 0.11293381875 0.396484375 0.111943171875 0.400390625 0.10798058125000001 0.400390625 0.09807410625 0.3984375 0.0960928109375 0.3984375 0.0861863359375 0.396484375 0.084205040625 0.39453125 0.0683546796875
0 0.1787109375 0.267474834375 0.1708984375 0.2635122453125 0.1650390625 0.26153095 0.1474609375 0.26153095 0.1396484375 0.2654935390625 0.1337890625 0.2734187203125 0.1240234375 0.277381309375 0.119140625 0.2843158421875 0.119140625 0.2962036125 0.1298828125 0.3071007359375 0.1494140625 0.3170072109375 0.1611328125 0.31898850625 0.1630859375 0.3209698015625 0.19140625 0.3199791546875 0.2001953125 0.31898850625 0.205078125 0.31205397343749997 0.201171875 0.2962036125 0.193359375 0.28629713749999997 0.19140625 0.28035325312500003 0.1787109375 0.267474834375
0 0.3759765625 0.24369929375 0.3486328125 0.23577411406249998 0.3369140625 0.24766188437499997 0.3310546875 0.2496431796875 0.3203125 0.25855900625 0.318359375 0.262521596875 0.318359375 0.282334546875 0.322265625 0.2922410234375 0.322265625 0.300166203125 0.3310546875 0.3110633265625 0.337890625 0.3100726796875 0.3662109375 0.3011568515625 0.3828125 0.282334546875 0.384765625 0.2783719578125 0.384765625 0.2565777125 0.3828125 0.2506338265625 0.3759765625 0.24369929375
0 0.3017578125 0.26153095 0.2802734375 0.26153095 0.2763671875 0.2635122453125 0.263671875 0.2783719578125 0.263671875 0.2882784328125 0.265625 0.290259728125 0.267578125 0.3021474984375 0.275390625 0.317997859375 0.2841796875 0.32889498125 0.2880859375 0.32889498125 0.296875 0.3160165640625 0.2998046875 0.3150259171875 0.30078125 0.32196045 0.294921875 0.3298856296875 0.294921875 0.33781080937499997 0.2978515625 0.34078275156250004 0.30859375 0.3397921046875 0.318359375 0.3100726796875 0.318359375 0.2962036125 0.31640625 0.29422231875 0.3125 0.272428071875 0.310546875 0.2684654828125 0.3017578125 0.26153095
0 0.263671875 0.290259728125 0.255859375 0.272428071875 0.2490234375 0.2654935390625 0.2333984375 0.2595496546875 0.2060546875 0.2694561296875 0.201171875 0.2763906625 0.201171875 0.28629713749999997 0.203125 0.2882784328125 0.205078125 0.3021474984375 0.216796875 0.32394174375 0.2490234375 0.350689228125 0.2529296875 0.3526705234375 0.265625 0.351679875 0.2734375 0.345735990625 0.2734375 0.33186692500000003 0.267578125 0.3199791546875 0.267578125 0.31205397343749997 0.263671875 0.3021474984375 0.263671875 0.290259728125
0 0.1259765625 0.3526705234375 0.1064453125 0.342764046875 0.0986328125 0.342764046875 0.095703125 0.3477172859375 0.095703125 0.3972496625 0.09375 0.3992309578125 0.09375 0.42102520312499997 0.0966796875 0.42399714531250005 0.1142578125 0.42399714531250005 0.1162109375 0.42597844062499995 0.138671875 0.4249877921875 0.1689453125 0.42201585 0.173828125 0.41310002187499995 0.169921875 0.4012122515625 0.1640625 0.38932448124999997 0.1396484375 0.3625769984375 0.1259765625 0.3526705234375
0 0.2822265625 0.3962590140625 0.2763671875 0.39427772031249997 0.2724609375 0.3903151296875 0.2666015625 0.3903151296875 0.2646484375 0.388333834375 0.2529296875 0.388333834375 0.2392578125 0.3962590140625 0.234375 0.4012122515625 0.234375 0.40913743281250003 0.232421875 0.41111872812500005 0.232421875 0.43489426875000003 0.236328125 0.44083815312499997 0.240234375 0.458669809375 0.248046875 0.47253887499999997 0.2548828125 0.4794734078125 0.2607421875 0.481454703125 0.2666015625 0.481454703125 0.2685546875 0.4794734078125 0.2822265625 0.4794734078125 0.2841796875 0.481454703125 0.30078125 0.48046405468750003 0.3046875 0.4745201703125 0.3046875 0.468576284375 0.310546875 0.4566885140625 0.310546875 0.4329129734375 0.298828125 0.40913743281250003 0.2822265625 0.3962590140625
0 0.228515625 0.52008995625 0.228515625 0.5141460703125 0.22265625 0.5042395953125001 0.220703125 0.496314415625 0.2060546875 0.481454703125 0.1884765625 0.4794734078125 0.1767578125 0.4834359984375 0.1708984375 0.4893798828125 0.1650390625 0.491361178125 0.154296875 0.5022583 0.15234375 0.5082021859375 0.146484375 0.5141460703125 0.140625 0.533959021875 0.142578125 0.5359403171875 0.142578125 0.5557532671875001 0.15234375 0.5735849234375 0.1630859375 0.5825007515625 0.1826171875 0.584482046875 0.1943359375 0.5884446359375 0.212890625 0.5874539890625 0.220703125 0.5815101031250001 0.224609375 0.5735849234375 0.224609375 0.541884203125 0.2265625 0.5399029078125 0.2265625 0.5220712515625 0.228515625 0.52008995625
0 0.326171875 0.541884203125 0.326171875 0.5181086609375 0.32421875 0.5161273671875 0.32421875 0.51018348125 0.3037109375 0.48541729218749996 0.2783203125 0.48541729218749996 0.2763671875 0.4873985875 0.2626953125 0.4893798828125 0.2509765625 0.49532376874999995 0.23828125 0.5082021859375 0.23046875 0.5220712515625 0.228515625 0.5359403171875 0.2265625 0.5379216125 0.2265625 0.5478280875 0.224609375 0.5498093828124999 0.2265625 0.5517906781249999 0.232421875 0.589435284375 0.2373046875 0.5963698171875 0.255859375 0.59537916875 0.2626953125 0.5924072265625 0.2705078125 0.5924072265625 0.2939453125 0.5825007515625 0.314453125 0.56565974375 0.32421875 0.5478280875 0.326171875 0.541884203125
0 0.140625 0.5557532671875001 0.140625 0.5280151375 0.142578125 0.5260338421874999 0.14453125 0.5141460703125 0.142578125 0.5121647765625 0.142578125 0.5062208906250001 0.1396484375 0.5032489484375 0.1142578125 0.4973050625 0.0966796875 0.50523024375 0.0908203125 0.50523024375 0.087890625 0.5082021859375 0.087890625 0.5240525468749999 0.0859375 0.5260338421874999 0.0859375 0.5815101031250001 0.087890625 0.5834913984375001 0.087890625 0.5914165796875 0.1044921875 0.604294996875 0.1201171875 0.6122201781250001 0.1318359375 0.6161827671875 0.13671875 0.6151921203125 0.14453125 0.6052856453125 0.1484375 0.5933978734375 0.1484375 0.58547269375 0.150390625 0.5834913984375001 0.150390625 0.5755662187499999 0.140625 0.5557532671875001
0 0.22265625 0.815302921875 0.224609375 0.7895460859375001 0.22265625 0.7875647906250001 0.22265625 0.777658315625 0.216796875 0.7578453656249999 0.201171875 0.7320885296874999 0.1943359375 0.725153996875 0.1767578125 0.7192101109375 0.1611328125 0.7192101109375 0.15234375 0.72614464375 0.146484375 0.7380324140625001 0.14453125 0.7598266609375 0.142578125 0.7618079546875001 0.14453125 0.7637892500000001 0.14453125 0.7994525609375 0.146484375 0.8014338562500001 0.146484375 0.8133216265625001 0.150390625 0.8212468078124999 0.150390625 0.8271906921875001 0.15625 0.8450223484375 0.16015625 0.8489849390625 0.1640625 0.8608727093749999 0.1689453125 0.865825946875 0.17578125 0.86681659375 0.1943359375 0.8579007656250001 0.1982421875 0.8579007656250001 0.2109375 0.8489849390625 0.216796875 0.8370971671874999 0.21875 0.823228103125 0.22265625 0.815302921875
0 0.2958984375 0.754873421875 0.302734375 0.747938890625 0.3046875 0.7380324140625001 0.2958984375 0.7291165859375 0.2666015625 0.7192101109375 0.2490234375 0.7192101109375 0.2353515625 0.725153996875 0.21484375 0.7439763 0.212890625 0.7519014796875 0.216796875 0.7578453656249999 0.22265625 0.7756770203125 0.224609375 0.7994525609375 0.2353515625 0.8083683890625 0.248046875 0.8073777421875 0.2646484375 0.7984619140625 0.27734375 0.785583496875 0.27734375 0.777658315625 0.279296875 0.7756770203125 0.28125 0.7637892500000001 0.2958984375 0.754873421875
0 0.1044921875 0.649864784375 0.0849609375 0.6478834890625 0.08203125 0.65085543125 0.08203125 0.664724496875 0.080078125 0.6667057921875 0.080078125 0.6885000375 0.0830078125 0.6914719796875 0.103515625 0.6904813328125 0.1083984375 0.689490684375 0.119140625 0.6766122671875 0.119140625 0.664724496875 0.115234375 0.6587806109375001 0.115234375 0.6548180218749999 0.1044921875 0.649864784375
0 0.1123046875 0.6954345703125 0.1044921875 0.70137845625 0.0947265625 0.70335975 0.091796875 0.7063316937499999 0.08984375 0.7182194640625 0.095703125 0.7320885296874999 0.1025390625 0.7390230625 0.12890625 0.740013709375 0.1337890625 0.7390230625 0.142578125 0.7281259390625 0.142578125 0.7083129875 0.1337890625 0.6993971609375 0.1240234375 0.6954345703125 0.1123046875 0.6954345703125
0 0.16796875 0.6488741359375 0.171875 0.636986365625 0.171875 0.6270798906249999 0.1650390625 0.6161827671875 0.1572265625 0.6102388828125 0.1494140625 0.6082575875 0.1416015625 0.6161827671875 0.1357421875 0.6181640625 0.130859375 0.6250985953125 0.130859375 0.6587806109375001 0.13671875 0.674630971875 0.138671875 0.6904813328125 0.14453125 0.7003878078125 0.1611328125 0.7152475203125 0.1650390625 0.717228815625 0.17578125 0.71623816875 0.169921875 0.702369103125 0.162109375 0.692462628125 0.166015625 0.6845374468750001 0.166015625 0.6607619062500001 0.16796875 0.6587806109375001 0.16796875 0.6488741359375
0 0.1962890625 0.6359957171875 0.1884765625 0.6359957171875 0.177734375 0.6449115453125 0.177734375 0.6548180218749999 0.1875 0.6785935624999999 0.1923828125 0.6835468 0.19921875 0.6825561515625 0.2060546875 0.679584209375 0.2109375 0.674630971875 0.21484375 0.6667057921875 0.216796875 0.6528367265624999 0.2080078125 0.6399583078125 0.1962890625 0.6359957171875
0 0.2001953125 0.689490684375 0.193359375 0.694443921875 0.189453125 0.7043503984374999 0.1962890625 0.7132662265625 0.2080078125 0.717228815625 0.220703125 0.71623816875 0.2236328125 0.7152475203125 0.228515625 0.7083129875 0.228515625 0.702369103125 0.2216796875 0.6954345703125 0.2060546875 0.689490684375 0.2001953125 0.689490684375
0 0.2607421875 0.641939603125 0.2587890625 0.6399583078125 0.2568359375 0.641939603125 0.2470703125 0.641939603125 0.2431640625 0.64590219375 0.2373046875 0.6478834890625 0.22265625 0.6667057921875 0.21875 0.6805748578124999 0.2236328125 0.6855280953125 0.248046875 0.6845374468750001 0.251953125 0.6805748578124999 0.2578125 0.6667057921875 0.2734375 0.6528367265624999 0.2734375 0.6488741359375 0.2685546875 0.641939603125 0.2607421875 0.641939603125
0 0.2900390625 0.66571514375 0.2646484375 0.6676964390625 0.255859375 0.674630971875 0.25390625 0.6805748578124999 0.259765625 0.6885000375 0.259765625 0.694443921875 0.265625 0.7003878078125 0.265625 0.7102942828125001 0.2685546875 0.7132662265625 0.2783203125 0.7152475203125 0.2919921875 0.7231727015625 0.2958984375 0.7231727015625 0.3056640625 0.73109788125 0.3134765625 0.7330791765625 0.3193359375 0.7390230625 0.3359375 0.7380324140625001 0.3486328125 0.7370417671875 0.353515625 0.7301072343749999 0.353515625 0.7221820546875 0.34765625 0.7102942828125001 0.3251953125 0.679584209375 0.2900390625 0.66571514375
0 0.3212890625 0.5725942749999999 0.3115234375 0.5725942749999999 0.2998046875 0.5825007515625 0.2880859375 0.5884446359375 0.2685546875 0.594388521875 0.2626953125 0.594388521875 0.25390625 0.599341759375 0.251953125 0.6033043499999999 0.251953125 0.617173415625 0.2626953125 0.6300518328125 0.2744140625 0.6379770140625001 0.2900390625 0.6439208984375 0.310546875 0.6429302515625 0.3251953125 0.641939603125 0.3447265625 0.6340144234375 0.359375 0.6151921203125 0.357421875 0.6052856453125 0.3369140625 0.58051945625 0.3212890625 0.5725942749999999
0 0.3662109375 0.6637338500000001 0.3505859375 0.669677734375 0.3447265625 0.669677734375 0.3369140625 0.673640325 0.33203125 0.6805748578124999 0.3349609375 0.6855280953125 0.3466796875 0.693453275 0.3681640625 0.70335975 0.3759765625 0.70335975 0.3779296875 0.7053410453125 0.400390625 0.7043503984374999 0.4033203125 0.70335975 0.4140625 0.6904813328125 0.4140625 0.6785935624999999 0.3994140625 0.6637338500000001 0.3935546875 0.6617525546875 0.3662109375 0.6637338500000001
0 0.38671875 0.77171443125 0.384765625 0.7697331359375 0.3828125 0.7578453656249999 0.3681640625 0.744966946875 0.3525390625 0.7390230625 0.3232421875 0.74100435625 0.3115234375 0.7469482421875 0.3076171875 0.7469482421875 0.2861328125 0.7608173078125 0.28125 0.7657705453125 0.279296875 0.77171443125 0.279296875 0.79152738125 0.294921875 0.815302921875 0.3056640625 0.8262000453124999 0.3154296875 0.8301626343749999 0.3193359375 0.834125225 0.3251953125 0.8361065203125 0.33984375 0.8351158734374999 0.3544921875 0.8262000453124999 0.3681640625 0.8222374546875001 0.376953125 0.8133216265625001 0.37890625 0.8014338562500001 0.38671875 0.7816209062499999 0.38671875 0.77171443125
0 0.43359375 0.8351158734374999 0.4189453125 0.8182748656250001 0.4091796875 0.814312275 0.3994140625 0.8044057984374999 0.3896484375 0.8044057984374999 0.375 0.8172842171875001 0.369140625 0.8271906921875001 0.3662109375 0.828181340625 0.357421875 0.8390784625000001 0.357421875 0.8588914140625 0.361328125 0.86681659375 0.3681640625 0.8737511265625001 0.3876953125 0.885638896875 0.3935546875 0.885638896875 0.3955078125 0.8876201921875 0.41796875 0.8866295453124999 0.4208984375 0.885638896875 0.431640625 0.8727604796874999 0.431640625 0.8687978890625001 0.4375 0.8569101187499999 0.4375 0.8430410531250001 0.43359375 0.8351158734374999
0 0.4169921875 0.754873421875 0.4072265625 0.754873421875 0.396484375 0.767751840625 0.39453125 0.773695725 0.39453125 0.79152738125 0.4072265625 0.8083683890625 0.4189453125 0.8162935687499999 0.421875 0.815302921875 0.431640625 0.8073777421875 0.435546875 0.7994525609375 0.435546875 0.7895460859375001 0.4375 0.7875647906250001 0.435546875 0.77171443125 0.4169921875 0.754873421875
0 0.51953125 0.702369103125 0.525390625 0.6984065125 0.537109375 0.6766122671875 0.537109375 0.6686870875 0.5244140625 0.6637338500000001 0.5009765625 0.6637338500000001 0.4990234375 0.66571514375 0.4697265625 0.6676964390625 0.4677734375 0.669677734375 0.4541015625 0.6716590296875 0.4306640625 0.687509390625 0.41796875 0.7003878078125 0.412109375 0.7122755781250001 0.412109375 0.7241633484375 0.421875 0.7459575953125 0.4267578125 0.7509108328125 0.4345703125 0.754873421875 0.447265625 0.753882775 0.4560546875 0.7528921265624999 0.4736328125 0.7429856515625 0.4775390625 0.7429856515625 0.4990234375 0.7291165859375 0.513671875 0.7122755781250001 0.51953125 0.702369103125
0 0.4375 0.6330237750000001 0.4228515625 0.6241079468749999 0.4169921875 0.6241079468749999 0.408203125 0.6350050703125001 0.408203125 0.6587806109375001 0.41796875 0.6785935624999999 0.4267578125 0.687509390625 0.431640625 0.6865187421875001 0.4453125 0.674630971875 0.4453125 0.67066838125 0.44921875 0.6667057921875 0.451171875 0.6587806109375001 0.4453125 0.6429302515625 0.4375 0.6330237750000001
0 0.4482421875 0.5686316859375 0.4462890625 0.57061298125 0.4404296875 0.57061298125 0.4306640625 0.576556865625 0.421875 0.5874539890625 0.419921875 0.59537916875 0.4140625 0.6052856453125 0.4140625 0.613210825 0.4169921875 0.6161827671875 0.4267578125 0.6181640625 0.4365234375 0.6241079468749999 0.455078125 0.6231173 0.4658203125 0.6181640625 0.474609375 0.6092482343750001 0.486328125 0.58547269375 0.4833984375 0.576556865625 0.4658203125 0.5686316859375 0.4482421875 0.5686316859375
0 0.494140625 0.49037052968749995 0.4921875 0.48838923437500004 0.494140625 0.4844266453125 0.494140625 0.4705575796875 0.4873046875 0.4556978671875 0.4833984375 0.453716571875 0.4736328125 0.453716571875 0.4716796875 0.45173527656249995 0.4619140625 0.45173527656249995 0.4599609375 0.44975398125000005 0.4384765625 0.44975398125000005 0.4365234375 0.45173527656249995 0.4208984375 0.453716571875 0.4072265625 0.4616417515625 0.400390625 0.468576284375 0.400390625 0.478482759375 0.404296875 0.49037052968749995 0.41015625 0.496314415625 0.412109375 0.5022583 0.421875 0.51018348125 0.419921875 0.5121647765625 0.421875 0.5161273671875 0.4287109375 0.5230618984375 0.4326171875 0.5210806046875 0.4384765625 0.52504319375 0.44140625 0.5240525468749999 0.4443359375 0.5210806046875 0.4638671875 0.5210806046875 0.4814453125 0.51513671875 0.48828125 0.51018348125 0.494140625 0.5002770062499999 0.494140625 0.49037052968749995
0 0.3818359375 0.511174128125 0.3544921875 0.4973050625 0.3369140625 0.4973050625 0.333984375 0.5002770062499999 0.33203125 0.5062208906250001 0.333984375 0.533959021875 0.3359375 0.5399029078125 0.3505859375 0.5547626203125 0.3623046875 0.5587252109375 0.39453125 0.5577345625000001 0.4013671875 0.5547626203125 0.40625 0.5498093828124999 0.40625 0.543865496875 0.404296875 0.5379216125 0.39453125 0.5240525468749999 0.3818359375 0.511174128125
0 0.4052734375 0.4616417515625 0.4111328125 0.45966045624999996 0.421875 0.44678203906249997 0.423828125 0.43687556406250005 0.4189453125 0.4319223265625 0.4033203125 0.42399714531250005 0.3974609375 0.42399714531250005 0.3876953125 0.42003455624999997 0.3662109375 0.42003455624999997 0.3642578125 0.42201585 0.3525390625 0.42399714531250005 0.3486328125 0.4279597359375 0.3427734375 0.42994102968750003 0.33203125 0.44083815312499997 0.328125 0.450744628125 0.32421875 0.45470721875000003 0.326171875 0.46659498906249997 0.3466796875 0.491361178125 0.3583984375 0.49532376874999995 0.36328125 0.4943331203125 0.3720703125 0.491361178125 0.3798828125 0.491361178125 0.3896484375 0.48541729218749996 0.3984375 0.4765014640625 0.400390625 0.46659498906249997 0.4052734375 0.4616417515625
0 0.4384765625 0.36653958750000004 0.4228515625 0.36455829375 0.4208984375 0.3625769984375 0.4111328125 0.3625769984375 0.4091796875 0.360595703125 0.3740234375 0.3625769984375 0.361328125 0.3714928265625 0.361328125 0.3774367109375 0.369140625 0.38932448124999997 0.3935546875 0.4140906703125 0.4072265625 0.42399714531250005 0.4443359375 0.44381009687499995 0.4619140625 0.44975398125000005 0.48046875 0.450744628125 0.4873046875 0.44975398125000005 0.494140625 0.44480074375 0.49609375 0.41310002187499995 0.48828125 0.3972496625 0.4697265625 0.380408653125 0.4384765625 0.36653958750000004
0 0.556640625 0.35762376093750003 0.5498046875 0.3467266375 0.5478515625 0.3467266375 0.5263671875 0.3249323921875 0.4951171875 0.3071007359375 0.4833984375 0.305119440625 0.4814453125 0.3031381453125 0.4716796875 0.3031381453125 0.4638671875 0.29917555625 0.4404296875 0.29917555625 0.435546875 0.30412879375 0.43359375 0.3199791546875 0.4296875 0.3259230390625 0.4296875 0.3397921046875 0.435546875 0.3496985796875 0.4443359375 0.3586144078125 0.4521484375 0.3625769984375 0.4619140625 0.3724834734375 0.4677734375 0.37446476875 0.4716796875 0.378427359375 0.4794921875 0.380408653125 0.4912109375 0.3903151296875 0.5126953125 0.40022160468749995 0.5244140625 0.4022029 0.5341796875 0.412109375 0.5400390625 0.412109375 0.5419921875 0.4140906703125 0.548828125 0.41310002187499995 0.552734375 0.41111872812500005 0.55859375 0.4012122515625 0.5615234375 0.40022160468749995 0.576171875 0.38338059687500003 0.572265625 0.373474121875 0.556640625 0.35762376093750003
0 0.564453125 0.2169518109375 0.5625 0.207045334375 0.5517578125 0.1941669171875 0.5341796875 0.1941669171875 0.5146484375 0.20407339218749998 0.501953125 0.2169518109375 0.4921875 0.2308208765625 0.4765625 0.2664841875 0.4765625 0.2843158421875 0.478515625 0.28629713749999997 0.48046875 0.2981849078125 0.4873046875 0.305119440625 0.4970703125 0.3071007359375 0.5107421875 0.3150259171875 0.515625 0.31403526875 0.533203125 0.2922410234375 0.5390625 0.2783719578125 0.54296875 0.2744093671875 0.5625 0.22487699062500002 0.5625 0.2189331046875 0.564453125 0.2169518109375
0 0.5322265625 0.1941669171875 0.5400390625 0.1941669171875 0.5419921875 0.192185621875 0.5537109375 0.1941669171875 0.560546875 0.20110145 0.564453125 0.2090266296875 0.564453125 0.214970515625 0.5673828125 0.21596116250000003 0.5703125 0.21298922031249998 0.5703125 0.197138859375 0.568359375 0.1951575640625 0.56640625 0.18326979375000002 0.5625 0.17732590937499998 0.5498046875 0.1664287859375 0.5380859375 0.164447490625 0.5224609375 0.1565223109375 0.5146484375 0.1565223109375 0.5126953125 0.154541015625 0.4931640625 0.1565223109375 0.4833984375 0.1624661953125 0.4736328125 0.164447490625 0.4638671875 0.1703913765625 0.4560546875 0.172372671875 0.44921875 0.1793072046875 0.4453125 0.191194975 0.45703125 0.205064040625 0.4609375 0.21298922031249998 0.4609375 0.2189331046875 0.462890625 0.2209144 0.462890625 0.2328021703125 0.4609375 0.234783465625 0.4638671875 0.237755409375 0.466796875 0.2367647609375 0.4736328125 0.23379281875000002 0.4794921875 0.23379281875000002 0.4853515625 0.22983022812499998 0.4912109375 0.22983022812499998 0.5166015625 0.20209209687500002 0.5322265625 0.1941669171875
0 0.5078125 0.1277935328125 0.505859375 0.12383094218749999 0.5078125 0.1139244671875 0.5029296875 0.10897122968749999 0.4833984375 0.10897122968749999 0.4814453125 0.11095252343749999 0.4658203125 0.11293381875 0.4560546875 0.1188777046875 0.44140625 0.1337374171875 0.431640625 0.15355036875 0.431640625 0.1713820234375 0.4384765625 0.17831655625 0.447265625 0.17732590937499998 0.4677734375 0.1664287859375 0.4873046875 0.16048489999999999 0.4931640625 0.1565223109375 0.521484375 0.15355036875 0.521484375 0.1377000078125 0.5078125 0.1277935328125
0 0.482421875 0.0723172703125 0.4814453125 0.06934532812500001 0.4775390625 0.0673640328125 0.4462890625 0.0673640328125 0.4404296875 0.07925180312499999 0.4267578125 0.08321439375 0.408203125 0.1020366953125 0.408203125 0.10798058125000001 0.421875 0.1198683515625 0.42578125 0.12977482812500002 0.42578125 0.1357187125 0.4296875 0.1436438921875 0.431640625 0.1436438921875 0.4482421875 0.12284029375000001 0.47265625 0.1099618765625 0.47265625 0.1040179921875 0.4765625 0.0960928109375 0.478515625 0.07627985937500001 0.482421875 0.0723172703125
0 0.400390625 0.090148925 0.400390625 0.1020366953125 0.4033203125 0.10500863906249999 0.40625 0.1040179921875 0.43359375 0.0782611546875 0.4375 0.070335975 0.4345703125 0.0653827375 0.39453125 0.066373384375 0.396484375 0.0822237453125 0.400390625 0.090148925
0 0.3896484375 0.12085900000000001 0.3837890625 0.12284029375000001 0.37890625 0.1277935328125 0.37890625 0.1337374171875 0.38671875 0.1456251875 0.3896484375 0.15850360624999998 0.4052734375 0.1664287859375 0.416015625 0.1654381390625 0.419921875 0.16345684375 0.42578125 0.149587778125 0.423828125 0.12581223749999998 0.4091796875 0.10897122968749999 0.4013671875 0.10897122968749999 0.3896484375 0.12085900000000001
0 0.673828125 0.11788705625 0.6591796875 0.10500863906249999 0.6552734375 0.10500863906249999 0.6455078125 0.099064753125 0.6416015625 0.099064753125 0.6376953125 0.09510216406250001 0.6259765625 0.0911395734375 0.5966796875 0.089158278125 0.5791015625 0.09510216406250001 0.5703125 0.1040179921875 0.564453125 0.1159057625 0.5625 0.1357187125 0.5771484375 0.144634540625 0.5908203125 0.144634540625 0.5927734375 0.1466158359375 0.6025390625 0.1466158359375 0.6044921875 0.1485971296875 0.62109375 0.1476064828125 0.6357421875 0.1466158359375 0.6376953125 0.144634540625 0.6513671875 0.1426532453125 0.6728515625 0.13274677031249998 0.67578125 0.12977482812500002 0.673828125 0.11788705625
0 0.5400390625 0.0812330984375 0.5283203125 0.07925180312499999 0.5146484375 0.0871769828125 0.5078125 0.0960928109375 0.505859375 0.1000554015625 0.505859375 0.1059992859375 0.5078125 0.10798058125000001 0.505859375 0.12383094218749999 0.5126953125 0.130765475 0.5244140625 0.13274677031249998 0.5380859375 0.14067195 0.548828125 0.1416625984375 0.55859375 0.1357187125 0.564453125 0.121849646875 0.564453125 0.1099618765625 0.546875 0.0960928109375 0.546875 0.0921302203125 0.5400390625 0.0812330984375
0 0.61328125 0.070335975 0.6103515625 0.0673640328125 0.5458984375 0.0673640328125 0.54296875 0.070335975 0.544921875 0.08816763125 0.5576171875 0.10302734375 0.5615234375 0.10500863906249999 0.568359375 0.1040179921875 0.5712890625 0.10302734375 0.5751953125 0.0970834578125 0.5830078125 0.09312086875 0.5947265625 0.089158278125 0.6123046875 0.089158278125 0.61328125 0.070335975
0 0.5966796875 0.24766188437499997 0.6083984375 0.2595496546875 0.6298828125 0.257568359375 0.6513671875 0.2496431796875 0.6650390625 0.24766188437499997 0.6728515625 0.24171799843750003 0.68359375 0.22883958125 0.685546875 0.2228956953125 0.685546875 0.205064040625 0.68359375 0.20110145 0.6728515625 0.1882230328125 0.6591796875 0.1802978515625 0.6337890625 0.1802978515625 0.6318359375 0.182279146875 0.6142578125 0.18426044218749998 0.5888671875 0.1981295078125 0.5791015625 0.2060546875 0.56640625 0.2209144 0.552734375 0.24865253125 0.552734375 0.25459641718750003 0.548828125 0.262521596875 0.548828125 0.2763906625 0.5517578125 0.2793626046875 0.5546875 0.2783719578125 0.568359375 0.25855900625 0.5810546875 0.24766188437499997 0.5869140625 0.24766188437499997 0.5888671875 0.2456805890625 0.5908203125 0.24766188437499997 0.5966796875 0.24766188437499997
0 0.6171875 0.290259728125 0.611328125 0.272428071875 0.611328125 0.2664841875 0.60546875 0.2565777125 0.5966796875 0.24766188437499997 0.5908203125 0.24766188437499997 0.5888671875 0.2456805890625 0.5869140625 0.24766188437499997 0.5810546875 0.24766188437499997 0.568359375 0.25855900625 0.5546875 0.2783719578125 0.541015625 0.3100726796875 0.541015625 0.33781080937499997 0.5556640625 0.350689228125 0.5673828125 0.3526705234375 0.5693359375 0.3546518171875 0.583984375 0.3536611703125 0.5927734375 0.3487079328125 0.6015625 0.3397921046875 0.615234375 0.31403526875 0.615234375 0.30611008906250003 0.6171875 0.30412879375 0.6171875 0.290259728125
0 0.623046875 0.48640794062500003 0.625 0.4844266453125 0.625 0.43489426875000003 0.623046875 0.4329129734375 0.62109375 0.4190439078125 0.61328125 0.3952683671875 0.609375 0.38932448124999997 0.5986328125 0.380408653125 0.5849609375 0.380408653125 0.5791015625 0.3823899484375 0.55859375 0.40319354687500003 0.544921875 0.4249877921875 0.537109375 0.450744628125 0.537109375 0.46065110468750003 0.53515625 0.46263240000000005 0.53515625 0.5022583 0.541015625 0.5220712515625 0.544921875 0.5260338421874999 0.546875 0.533959021875 0.5517578125 0.5369309640625 0.5771484375 0.5646690953125 0.5830078125 0.5686316859375 0.58984375 0.5676410375 0.5986328125 0.5626878 0.6025390625 0.5626878 0.6103515625 0.556743915625 0.61328125 0.5517906781249999 0.623046875 0.52008995625 0.623046875 0.48640794062500003
0 0.65234375 0.579528809375 0.654296875 0.5775475140624999 0.6494140625 0.5686316859375 0.6376953125 0.5626878 0.6162109375 0.5626878 0.5947265625 0.5725942749999999 0.5859375 0.579528809375 0.576171875 0.6013230546874999 0.576171875 0.613210825 0.580078125 0.6231173 0.5947265625 0.6359957171875 0.6181640625 0.6478834890625 0.62890625 0.646892840625 0.63671875 0.64094895625 0.638671875 0.6350050703125001 0.646484375 0.6250985953125 0.6484375 0.613210825 0.650390625 0.6112295296875 0.65234375 0.579528809375
0 0.615234375 0.7637892500000001 0.615234375 0.7439763 0.607421875 0.7202007578125 0.603515625 0.71623816875 0.603515625 0.7122755781250001 0.599609375 0.7083129875 0.59765625 0.7003878078125 0.591796875 0.692462628125 0.5810546875 0.6835468 0.5751953125 0.6815655046875 0.5595703125 0.6815655046875 0.5478515625 0.6855280953125 0.5302734375 0.6954345703125 0.51953125 0.7063316937499999 0.521484375 0.7320885296874999 0.525390625 0.7439763 0.5400390625 0.7608173078125 0.5576171875 0.7746863734375 0.5732421875 0.782611553125 0.587890625 0.7836022015624999 0.5966796875 0.782611553125 0.5986328125 0.7806302578125 0.6083984375 0.7806302578125 0.6171875 0.77171443125 0.6171875 0.7657705453125 0.615234375 0.7637892500000001
0 0.5380859375 0.6102388828125 0.5361328125 0.6122201781250001 0.5283203125 0.6122201781250001 0.517578125 0.6231173 0.5078125 0.6389676609375 0.50390625 0.6587806109375001 0.5068359375 0.6637338500000001 0.5341796875 0.66571514375 0.5390625 0.67066838125 0.53515625 0.6805748578124999 0.53515625 0.6865187421875001 0.54296875 0.6865187421875001 0.5546875 0.674630971875 0.560546875 0.6627432015625 0.560546875 0.6330237750000001 0.546875 0.6151921203125 0.5419921875 0.6102388828125 0.5380859375 0.6102388828125
0 0.734375 0.7083129875 0.7255859375 0.697415865625 0.7138671875 0.697415865625 0.7001953125 0.689490684375 0.6923828125 0.689490684375 0.6904296875 0.687509390625 0.6591796875 0.687509390625 0.6376953125 0.697415865625 0.619140625 0.7122755781250001 0.61328125 0.7241633484375 0.61328125 0.7380324140625001 0.615234375 0.740013709375 0.6171875 0.7598266609375 0.6201171875 0.762798603125 0.6298828125 0.762798603125 0.6494140625 0.7707237828125 0.662109375 0.7697331359375 0.6943359375 0.7588360125 0.6982421875 0.754873421875 0.7119140625 0.7489295375 0.7265625 0.734069825 0.734375 0.7221820546875 0.734375 0.7083129875
0 0.72265625 0.6290611859374999 0.7041015625 0.6102388828125 0.6884765625 0.6023137015625 0.6748046875 0.604294996875 0.6533203125 0.6161827671875 0.646484375 0.6250985953125 0.646484375 0.6350050703125001 0.6669921875 0.6577899640625 0.7021484375 0.689490684375 0.7119140625 0.6954345703125 0.720703125 0.6964252171875 0.724609375 0.694443921875 0.732421875 0.6766122671875 0.732421875 0.67066838125 0.73046875 0.6686870875 0.73046875 0.6449115453125 0.72265625 0.6290611859374999
0 0.7685546875 0.6340144234375 0.7587890625 0.6260892421875 0.7548828125 0.6260892421875 0.7490234375 0.622126653125 0.7373046875 0.622126653125 0.7333984375 0.6241079468749999 0.728515625 0.6310424796875 0.73046875 0.6528367265624999 0.732421875 0.6548180218749999 0.732421875 0.6766122671875 0.7490234375 0.687509390625 0.7646484375 0.693453275 0.7890625 0.692462628125 0.7978515625 0.689490684375 0.810546875 0.6785935624999999 0.8125 0.6686870875 0.80859375 0.6607619062500001 0.7880859375 0.6439208984375 0.7685546875 0.6340144234375
0 0.8876953125 0.687509390625 0.8779296875 0.679584209375 0.8701171875 0.6776029140625 0.8525390625 0.6676964390625 0.8408203125 0.6637338500000001 0.8330078125 0.6637338500000001 0.8310546875 0.6617525546875 0.8173828125 0.6637338500000001 0.8125 0.6686870875 0.810546875 0.6805748578124999 0.8046875 0.6885000375 0.796875 0.694443921875 0.794921875 0.6984065125 0.794921875 0.7083129875 0.8046875 0.7221820546875 0.8154296875 0.73109788125 0.8271484375 0.7370417671875 0.8349609375 0.7370417671875 0.8369140625 0.7390230625 0.84765625 0.7380324140625001 0.8642578125 0.735060471875 0.8935546875 0.7192101109375 0.900390625 0.702369103125 0.900390625 0.6964252171875 0.8935546875 0.689490684375 0.8876953125 0.687509390625
0 0.8017578125 0.7390230625 0.7958984375 0.7390230625 0.7939453125 0.7370417671875 0.78125 0.7439763 0.779296875 0.767751840625 0.7734375 0.7796396109375 0.7734375 0.7836022015624999 0.7802734375 0.790536734375 0.7900390625 0.790536734375 0.7919921875 0.792518028125 0.80078125 0.79152738125 0.8251953125 0.78657414375 0.83203125 0.7816209062499999 0.833984375 0.7697331359375 0.830078125 0.7618079546875001 0.8154296875 0.7469482421875 0.8017578125 0.7390230625
0 0.9140625 0.767751840625 0.91015625 0.7558640703124999 0.9052734375 0.7509108328125 0.8916015625 0.7469482421875 0.8779296875 0.7390230625 0.8564453125 0.7370417671875 0.8427734375 0.7429856515625 0.8359375 0.753882775 0.837890625 0.7697331359375 0.833984375 0.7796396109375 0.833984375 0.7875647906250001 0.837890625 0.7974712671875 0.837890625 0.8192655125 0.845703125 0.8390784625000001 0.8564453125 0.8499755859375 0.8603515625 0.8519568812499999 0.873046875 0.8509662328125 0.8818359375 0.8460129953125 0.892578125 0.8351158734374999 0.900390625 0.823228103125 0.900390625 0.8192655125 0.908203125 0.8053964468749999 0.9140625 0.767751840625
0 0.91796875 0.6250985953125 0.9091796875 0.6161827671875 0.8896484375 0.6062762921875 0.8662109375 0.604294996875 0.8427734375 0.614201471875 0.83203125 0.6250985953125 0.83203125 0.6310424796875 0.826171875 0.6429302515625 0.826171875 0.65085543125 0.8330078125 0.659771259375 0.8486328125 0.66571514375 0.8544921875 0.66571514375 0.8681640625 0.673640325 0.8740234375 0.673640325 0.8876953125 0.679584209375 0.896484375 0.6785935624999999 0.9150390625 0.6756216203125 0.91796875 0.67066838125 0.91796875 0.6607619062500001 0.916015625 0.6587806109375001 0.91796875 0.656799315625 0.91796875 0.6250985953125
0 0.7783203125 0.5686316859375 0.7744140625 0.5686316859375 0.7666015625 0.5745755703125 0.7568359375 0.576556865625 0.75 0.58547269375 0.755859375 0.6052856453125 0.75 0.6151921203125 0.7646484375 0.6280705375 0.7744140625 0.632033128125 0.7783203125 0.6359957171875 0.7900390625 0.641939603125 0.7939453125 0.641939603125 0.7978515625 0.64590219375 0.806640625 0.6449115453125 0.810546875 0.64094895625 0.81640625 0.6250985953125 0.81640625 0.6112295296875 0.810546875 0.5933978734375 0.8017578125 0.5825007515625 0.7783203125 0.5686316859375
0 0.7060546875 0.556743915625 0.6904296875 0.556743915625 0.685546875 0.561697153125 0.6796875 0.5775475140624999 0.6796875 0.5914165796875 0.6845703125 0.6003324078125 0.7080078125 0.6102388828125 0.7216796875 0.6102388828125 0.7236328125 0.6122201781250001 0.75 0.6112295296875 0.75390625 0.6092482343750001 0.751953125 0.59537916875 0.748046875 0.5874539890625 0.7294921875 0.5686316859375 0.7216796875 0.5626878 0.7060546875 0.556743915625
0 0.7373046875 0.50523024375 0.7236328125 0.4992863578125 0.7021484375 0.4992863578125 0.6953125 0.5062208906250001 0.69140625 0.5181086609375 0.69140625 0.5260338421874999 0.693359375 0.5280151375 0.6953125 0.5399029078125 0.7021484375 0.546837440625 0.7216796875 0.556743915625 0.7431640625 0.5607065046875 0.7548828125 0.5686316859375 0.7607421875 0.57061298125 0.76953125 0.5696223328125 0.771484375 0.5676410375 0.771484375 0.5597158578125 0.765625 0.541884203125 0.76171875 0.5379216125 0.75390625 0.5220712515625 0.7373046875 0.50523024375
0 0.849609375 0.5161273671875 0.8232421875 0.49532376874999995 0.8134765625 0.491361178125 0.7998046875 0.4893798828125 0.7919921875 0.48541729218749996 0.7841796875 0.48541729218749996 0.7822265625 0.4834359984375 0.7705078125 0.48541729218749996 0.75 0.5022583 0.748046875 0.5062208906250001 0.75 0.5161273671875 0.75390625 0.5220712515625 0.771484375 0.5379216125 0.7734375 0.543865496875 0.7783203125 0.548818734375 0.7919921875 0.5547626203125 0.806640625 0.5557532671875001 0.8388671875 0.552781325 0.8466796875 0.548818734375 0.8603515625 0.546837440625 0.865234375 0.543865496875 0.865234375 0.5399029078125 0.849609375 0.5161273671875
0 0.787109375 0.37941800625 0.7744140625 0.3685208828125 0.7666015625 0.3685208828125 0.7392578125 0.38437124375 0.712890625 0.41111872812500005 0.69921875 0.430931678125 0.697265625 0.448763334375 0.6953125 0.450744628125 0.6953125 0.46263240000000005 0.701171875 0.478482759375 0.7041015625 0.4794734078125 0.7138671875 0.491361178125 0.7216796875 0.49532376874999995 0.7275390625 0.4973050625 0.7421875 0.496314415625 0.7578125 0.48244535 0.76953125 0.46461369374999995 0.78125 0.42895038281250003 0.78515625 0.4051748421875 0.787109375 0.40319354687500003 0.787109375 0.37941800625
0 0.830078125 0.42102520312499997 0.830078125 0.4170626125 0.8251953125 0.4101280796875 0.8173828125 0.406165490625 0.8056640625 0.4101280796875 0.794921875 0.4190439078125 0.7890625 0.4329129734375 0.775390625 0.45470721875000003 0.775390625 0.468576284375 0.7822265625 0.47749211249999995 0.7978515625 0.4873985875 0.8125 0.48640794062500003 0.8203125 0.48046405468750003 0.82421875 0.47253887499999997 0.830078125 0.46659498906249997 0.8359375 0.44678203906249997 0.8359375 0.4329129734375 0.830078125 0.42102520312499997
0 0.9130859375 0.3249323921875 0.9033203125 0.3209698015625 0.8974609375 0.322951096875 0.8681640625 0.322951096875 0.8662109375 0.3249323921875 0.8603515625 0.3249323921875 0.85546875 0.3298856296875 0.85546875 0.335829515625 0.857421875 0.33781080937499997 0.859375 0.355642465625 0.86328125 0.3675302359375 0.86328125 0.3813993015625 0.8701171875 0.388333834375 0.8798828125 0.388333834375 0.8818359375 0.3903151296875 0.888671875 0.38932448124999997 0.8994140625 0.388333834375 0.912109375 0.375455415625 0.919921875 0.355642465625 0.919921875 0.335829515625 0.91796875 0.3298856296875 0.9130859375 0.3249323921875
0 0.859375 0.365548940625 0.859375 0.351679875 0.857421875 0.3496985796875 0.857421875 0.3397921046875 0.853515625 0.3298856296875 0.8427734375 0.3209698015625 0.8330078125 0.3170072109375 0.8193359375 0.3031381453125 0.8056640625 0.295212965625 0.7998046875 0.28926908125 0.7958984375 0.28926908125 0.7900390625 0.285306490625 0.7685546875 0.28926908125 0.75 0.31205397343749997 0.74609375 0.3199791546875 0.744140625 0.3259230390625 0.74609375 0.33781080937499997 0.7705078125 0.36455829375 0.7802734375 0.3685208828125 0.8115234375 0.40022160468749995 0.8212890625 0.40418419375000003 0.828125 0.40319354687500003 0.8427734375 0.4022029 0.8505859375 0.39229642343750004 0.8544921875 0.39229642343750004 0.861328125 0.3853618921875 0.86328125 0.3714928265625 0.859375 0.365548940625
0 0.7158203125 0.2813439 0.7041015625 0.291250375 0.693359375 0.30412879375 0.6875 0.32196045 0.6875 0.3338482203125 0.693359375 0.3477172859375 0.7060546875 0.360595703125 0.7255859375 0.36653958750000004 0.728515625 0.365548940625 0.736328125 0.36356764531249997 0.744140625 0.3417734 0.74609375 0.282334546875 0.7431640625 0.275400015625 0.7294921875 0.275400015625 0.7158203125 0.2813439
0 0.662109375 0.28035325312500003 0.6552734375 0.2595496546875 0.6513671875 0.257568359375 0.6376953125 0.257568359375 0.630859375 0.262521596875 0.626953125 0.272428071875 0.62109375 0.28035325312500003 0.62109375 0.2922410234375 0.623046875 0.29422231875 0.623046875 0.30611008906250003 0.626953125 0.3160165640625 0.626953125 0.32394174375 0.62890625 0.3259230390625 0.62890625 0.3338482203125 0.630859375 0.335829515625 0.634765625 0.35960505625 0.6435546875 0.3724834734375 0.65234375 0.3714928265625 0.65625 0.36158635 0.658203125 0.3437546953125 0.662109375 0.33781080937499997 0.662109375 0.327904334375 0.6640625 0.3259230390625 0.662109375 0.28035325312500003
0 0.6708984375 0.2734187203125 0.6689453125 0.271437425 0.6650390625 0.2734187203125 0.662109375 0.2783719578125 0.662109375 0.2882784328125 0.673828125 0.317997859375 0.6845703125 0.3308762765625 0.6875 0.3298856296875 0.689453125 0.31205397343749997 0.697265625 0.2981849078125 0.708984375 0.28629713749999997 0.7001953125 0.275400015625 0.6943359375 0.2734187203125 0.6708984375 0.2734187203125
0 0.7529296875 0.24171799843750003 0.7568359375 0.24171799843750003 0.7763671875 0.25162447499999996 0.78125 0.25855900625 0.7861328125 0.26153095 0.798828125 0.2407273515625 0.798828125 0.22883958125 0.7958984375 0.2258676390625 0.7822265625 0.2258676390625 0.7802734375 0.22784893281250002 0.7626953125 0.22983022812499998 0.7353515625 0.2456805890625 0.724609375 0.25459641718750003 0.712890625 0.272428071875 0.7138671875 0.2793626046875 0.72265625 0.2783719578125 0.7353515625 0.2734187203125 0.75 0.272428071875 0.75 0.2645028921875 0.748046875 0.262521596875 0.74609375 0.2506338265625 0.7529296875 0.24171799843750003
0 0.830078125 0.25459641718750003 0.828125 0.252615121875 0.828125 0.2169518109375 0.8203125 0.1931762703125 0.8173828125 0.1902043265625 0.8115234375 0.1902043265625 0.79296875 0.2090266296875 0.78515625 0.22487699062500002 0.796875 0.2308208765625 0.796875 0.244689940625 0.79296875 0.2506338265625 0.79296875 0.25459641718750003 0.78515625 0.262521596875 0.78515625 0.28035325312500003 0.7919921875 0.285306490625 0.8037109375 0.28926908125 0.8076171875 0.2932316703125 0.814453125 0.2922410234375 0.822265625 0.2843158421875 0.822265625 0.28035325312500003 0.830078125 0.2704467765625 0.828125 0.2645028921875 0.828125 0.2565777125 0.830078125 0.25459641718750003
0 0.9208984375 0.182279146875 0.8974609375 0.18426044218749998 0.8837890625 0.1902043265625 0.8662109375 0.20209209687500002 0.841796875 0.22883958125 0.83203125 0.244689940625 0.830078125 0.2506338265625 0.830078125 0.2645028921875 0.8349609375 0.2694561296875 0.85546875 0.2684654828125 0.8876953125 0.257568359375 0.8955078125 0.257568359375 0.9169921875 0.2456805890625 0.921875 0.2407273515625 0.923828125 0.1852510890625 0.9208984375 0.182279146875
0 0.8212890625 0.12284029375000001 0.8095703125 0.12085900000000001 0.8076171875 0.1188777046875 0.7880859375 0.1188777046875 0.7763671875 0.1248215890625 0.7705078125 0.1248215890625 0.7578125 0.13175612187500002 0.759765625 0.1436438921875 0.75390625 0.15751295781250002 0.7626953125 0.16841008125 0.7763671875 0.174353965625 0.7978515625 0.1902043265625 0.8076171875 0.192185621875 0.8173828125 0.1882230328125 0.8310546875 0.20407339218749998 0.83984375 0.207045334375 0.8486328125 0.20407339218749998 0.857421875 0.1951575640625 0.86328125 0.17732590937499998 0.859375 0.159494253125 0.8408203125 0.1386906546875 0.8212890625 0.12284029375000001
0 0.76953125 0.197138859375 0.7626953125 0.1902043265625 0.7529296875 0.1902043265625 0.7509765625 0.1882230328125 0.7294921875 0.1882230328125 0.7275390625 0.1902043265625 0.7216796875 0.1902043265625 0.7099609375 0.1961482125 0.69921875 0.207045334375 0.693359375 0.2189331046875 0.6953125 0.2367647609375 0.7080078125 0.24171799843750003 0.7236328125 0.25162447499999996 0.728515625 0.2506338265625 0.7451171875 0.237755409375 0.7587890625 0.2318115234375 0.76953125 0.2189331046875 0.765625 0.211007925 0.76953125 0.2030827453125 0.76953125 0.197138859375
0 0.7314453125 0.0911395734375 0.7236328125 0.0911395734375 0.7041015625 0.10104604843750001 0.693359375 0.1099618765625 0.6796875 0.1277935328125 0.6796875 0.139681303125 0.68359375 0.1476064828125 0.6962890625 0.15850360624999998 0.7001953125 0.15850360624999998 0.7236328125 0.1703913765625 0.73828125 0.169400728125 0.7470703125 0.164447490625 0.755859375 0.15355036875 0.7578125 0.1476064828125 0.755859375 0.12383094218749999 0.74609375 0.1059992859375 0.7314453125 0.0911395734375
0 0.72265625 0.17336331875 0.7021484375 0.16048489999999999 0.6884765625 0.15850360624999998 0.6865234375 0.1565223109375 0.6708984375 0.15850360624999998 0.6611328125 0.164447490625 0.6572265625 0.164447490625 0.646484375 0.17732590937499998 0.6533203125 0.1802978515625 0.6591796875 0.1802978515625 0.6728515625 0.1882230328125 0.68359375 0.1991201546875 0.6875 0.207045334375 0.6875 0.21298922031249998 0.69140625 0.21298922031249998 0.69140625 0.211007925 0.6943359375 0.21001727812499998 0.7021484375 0.200110803125 0.7099609375 0.1961482125 0.72265625 0.1812884984375 0.72265625 0.17336331875
0 0.845703125 0.08816763125 0.84375 0.0782611546875 0.8349609375 0.0713266234375 0.7900390625 0.0713266234375 0.7861328125 0.07528921250000001 0.7763671875 0.07925180312499999 0.767578125 0.08816763125 0.763671875 0.0960928109375 0.763671875 0.121849646875 0.7666015625 0.1248215890625 0.775390625 0.12383094218749999 0.7880859375 0.1188777046875 0.8115234375 0.1188777046875 0.8134765625 0.12085900000000001 0.8193359375 0.12085900000000001 0.841796875 0.0960928109375 0.845703125 0.08816763125
0 0.8984375 0.1099618765625 0.8916015625 0.10302734375 0.8857421875 0.10302734375 0.8837890625 0.10104604843750001 0.8740234375 0.10104604843750001 0.8662109375 0.10500863906249999 0.857421875 0.1139244671875 0.849609375 0.1337374171875 0.849609375 0.1456251875 0.861328125 0.1614755484375 0.8642578125 0.164447490625 0.875 0.16345684375 0.88671875 0.159494253125 0.88671875 0.15156907343749998 0.890625 0.1436438921875 0.892578125 0.1277935328125 0.8984375 0.1139244671875 0.8984375 0.1099618765625
0 0.912109375 0.1099618765625 0.91796875 0.1020366953125 0.9169921875 0.09312086875 0.9130859375 0.09312086875 0.90234375 0.1040179921875 0.892578125 0.12977482812500002 0.892578125 0.1436438921875 0.888671875 0.1555316625 0.888671875 0.17336331875 0.8916015625 0.1802978515625 0.8955078125 0.182279146875 0.90234375 0.1812884984375 0.9208984375 0.17831655625 0.923828125 0.17336331875 0.923828125 0.1337374171875 0.9169921875 0.130765475 0.912109375 0.12581223749999998 0.912109375 0.1099618765625
0 0.6416015625 0.06934532812500001 0.6396484375 0.0673640328125 0.6279296875 0.0673640328125 0.6259765625 0.06934532812500001 0.615234375 0.070335975 0.615234375 0.07627985937500001 0.6259765625 0.0911395734375 0.6474609375 0.10104604843750001 0.6513671875 0.10104604843750001 0.6591796875 0.106989934375 0.66796875 0.1099618765625 0.671875 0.1040179921875 0.673828125 0.090148925 0.67578125 0.08816763125 0.67578125 0.0723172703125 0.6728515625 0.06934532812500001 0.6416015625 0.06934532812500001
0 0.529296875 0.823228103125 0.5224609375 0.8162935687499999 0.5166015625 0.8162935687499999 0.51171875 0.8093590374999999 0.5048828125 0.8044057984374999 0.4970703125 0.8044057984374999 0.4814453125 0.7984619140625 0.4638671875 0.8004432093749999 0.451171875 0.8133216265625001 0.447265625 0.8212468078124999 0.44140625 0.8410597578125 0.44140625 0.8588914140625 0.4462890625 0.865825946875 0.4541015625 0.8697885375000001 0.47265625 0.8687978890625001 0.4853515625 0.865825946875 0.4990234375 0.8579007656250001 0.5107421875 0.8539381765625 0.525390625 0.8390784625000001 0.529296875 0.8311532828124999 0.529296875 0.823228103125
0 0.4853515625 0.7429856515625 0.4658203125 0.7509108328125 0.44921875 0.7657705453125 0.4453125 0.773695725 0.447265625 0.7816209062499999 0.4521484375 0.78657414375 0.4677734375 0.7944993234375 0.4853515625 0.79648061875 0.4970703125 0.8004432093749999 0.5107421875 0.8004432093749999 0.5126953125 0.8024245046875 0.546875 0.8014338562500001 0.5537109375 0.8004432093749999 0.560546875 0.7935086765625 0.55859375 0.7836022015624999 0.5322265625 0.7568547171875 0.5048828125 0.7429856515625 0.4853515625 0.7429856515625
0 0.6328125 0.825209396875 0.634765625 0.8271906921875001 0.6328125 0.833134578125 0.6357421875 0.838087815625 0.6396484375 0.838087815625 0.6484375 0.8311532828124999 0.654296875 0.8212468078124999 0.654296875 0.8133216265625001 0.65625 0.8113403328125001 0.65625 0.7974712671875 0.650390625 0.7796396109375 0.6435546875 0.7786489624999999 0.6357421875 0.772705078125 0.6259765625 0.7687424875 0.6181640625 0.7707237828125 0.6083984375 0.782611553125 0.5927734375 0.782611553125 0.5849609375 0.78657414375 0.580078125 0.7935086765625 0.576171875 0.8053964468749999 0.576171875 0.8212468078124999 0.58203125 0.8351158734374999 0.5869140625 0.8400691109375 0.5986328125 0.8440317015625001 0.623046875 0.8430410531250001 0.625 0.8410597578125 0.625 0.8053964468749999 0.626953125 0.8034151515625 0.6279296875 0.782611553125 0.630859375 0.7836022015624999 0.6328125 0.825209396875
0 0.8740234375 0.538912259375 0.8623046875 0.548818734375 0.8525390625 0.552781325 0.841796875 0.5636784484375 0.83984375 0.5696223328125 0.849609375 0.5815101031250001 0.85546875 0.5933978734375 0.8623046875 0.5983511109374999 0.8681640625 0.5983511109374999 0.8701171875 0.6003324078125 0.900390625 0.599341759375 0.9091796875 0.5963698171875 0.91796875 0.589435284375 0.91796875 0.5577345625000001 0.9052734375 0.546837440625 0.8916015625 0.5408935546875 0.8740234375 0.538912259375
0 0.849609375 0.49829571093749997 0.84765625 0.5022583 0.849609375 0.5042395953125001 0.849609375 0.5141460703125 0.8623046875 0.532968375 0.8779296875 0.538912259375 0.90625 0.5379216125 0.9140625 0.5280151375 0.908203125 0.5121647765625 0.8974609375 0.4992863578125 0.8798828125 0.491361178125 0.8623046875 0.491361178125 0.849609375 0.49829571093749997
0 0.8642578125 0.388333834375 0.861328125 0.3913057765625 0.861328125 0.3992309578125 0.865234375 0.40913743281250003 0.865234375 0.4170626125 0.87109375 0.4249877921875 0.87109375 0.430931678125 0.875 0.44083815312499997 0.8818359375 0.4477726859375 0.8935546875 0.453716571875 0.8994140625 0.453716571875 0.9013671875 0.4556978671875 0.916015625 0.45470721875000003 0.919921875 0.450744628125 0.919921875 0.41310002187499995 0.9150390625 0.40814678437499996 0.9052734375 0.406165490625 0.8818359375 0.39229642343750004 0.8642578125 0.388333834375
0 0.8447265625 0.4616417515625 0.8330078125 0.463623046875 0.826171875 0.4705575796875 0.82421875 0.4765014640625 0.81640625 0.48640794062500003 0.81640625 0.49037052968749995 0.8193359375 0.49334247343750004 0.8349609375 0.5032489484375 0.83984375 0.5022583 0.8564453125 0.49334247343750004 0.861328125 0.48640794062500003 0.86328125 0.4705575796875 0.8544921875 0.463623046875 0.8466796875 0.463623046875 0.8447265625 0.4616417515625
0 0.7783203125 0.9014892578125 0.7607421875 0.90743314375 0.7509765625 0.9153583234375 0.7451171875 0.91733961875 0.73828125 0.9242741515624999 0.7412109375 0.9292273890624999 0.7822265625 0.9292273890624999 0.7841796875 0.931208684375 0.85546875 0.9302180359375001 0.857421875 0.9242741515624999 0.8505859375 0.9153583234375 0.8193359375 0.8995079625000001 0.7880859375 0.8995079625000001 0.7861328125 0.9014892578125 0.7783203125 0.9014892578125
0 0.69140625 0.8628540031249999 0.68359375 0.8450223484375 0.6728515625 0.8361065203125 0.6591796875 0.8301626343749999 0.6494140625 0.834125225 0.638671875 0.8450223484375 0.634765625 0.8529475281250001 0.634765625 0.8905921343750001 0.638671875 0.8965360203125 0.638671875 0.9123863812499999 0.6416015625 0.9153583234375 0.650390625 0.9143676749999999 0.6611328125 0.8995079625000001 0.6669921875 0.8955453734375001 0.6787109375 0.8935640781249999 0.681640625 0.8905921343750001 0.69140625 0.870779184375 0.69140625 0.8628540031249999
0 0.5185546875 0.87176983125 0.5068359375 0.8678072421874999 0.4990234375 0.8678072421874999 0.4970703125 0.865825946875 0.4912109375 0.865825946875 0.4775390625 0.87176983125 0.4658203125 0.8737511265625001 0.453125 0.88464825 0.447265625 0.8945547250000001 0.44921875 0.9064424953125 0.4619140625 0.9213022078125 0.5078125 0.92229285625 0.51171875 0.9163489703125001 0.5126953125 0.90743314375 0.5537109375 0.9113957328125 0.5546875 0.9044612000000001 0.5400390625 0.8876201921875 0.5185546875 0.87176983125
0 0.58203125 0.8489849390625 0.58203125 0.8430410531250001 0.5791015625 0.8400691109375 0.5732421875 0.838087815625 0.5654296875 0.8440317015625001 0.5576171875 0.8361065203125 0.5458984375 0.834125225 0.5400390625 0.8361065203125 0.52734375 0.8489849390625 0.51953125 0.8648352984375001 0.51953125 0.8727604796874999 0.5400390625 0.8876201921875 0.546875 0.8866295453124999 0.5556640625 0.8796950125 0.5634765625 0.8777137171874999 0.58203125 0.86681659375 0.583984375 0.8628540031249999 0.583984375 0.8509662328125 0.58203125 0.8489849390625
0 0.3349609375 0.8678072421874999 0.326171875 0.8787043640625001 0.31640625 0.8985173156249999 0.314453125 0.9163489703125001 0.3173828125 0.9193209140624999 0.35546875 0.918330265625 0.3642578125 0.913377028125 0.37109375 0.9064424953125 0.37109375 0.8925734296875 0.3505859375 0.8678072421874999 0.3466796875 0.865825946875 0.3349609375 0.8678072421874999
0 0.3115234375 0.834125225 0.2958984375 0.834125225 0.28515625 0.8450223484375 0.28515625 0.8509662328125 0.283203125 0.8529475281250001 0.283203125 0.874741775 0.28515625 0.880685659375 0.2900390625 0.8836576015625001 0.3046875 0.8826669546874999 0.326171875 0.86681659375 0.330078125 0.8608727093749999 0.33203125 0.8509662328125 0.328125 0.8450223484375 0.3173828125 0.8361065203125 0.3115234375 0.834125225
0 0.193359375 0.8886108390624999 0.193359375 0.8945547250000001 0.197265625 0.900498609375 0.197265625 0.9044612000000001 0.2060546875 0.91733961875 0.263671875 0.918330265625 0.271484375 0.9143676749999999 0.263671875 0.8985173156249999 0.2490234375 0.885638896875 0.2412109375 0.8816763078125 0.2138671875 0.8796950125 0.193359375 0.8886108390624999
0 0.2705078125 0.79648061875 0.26171875 0.8053964468749999 0.255859375 0.8212468078124999 0.255859375 0.8311532828124999 0.25390625 0.833134578125 0.25390625 0.8390784625000001 0.255859375 0.8410597578125 0.255859375 0.8648352984375001 0.25390625 0.870779184375 0.2587890625 0.875732421875 0.26171875 0.874741775 0.2734375 0.870779184375 0.27734375 0.8549288234375 0.296875 0.825209396875 0.29296875 0.8133216265625001 0.2783203125 0.7944993234375 0.2705078125 0.79648061875
0 0.16015625 0.8628540031249999 0.16015625 0.8549288234375 0.150390625 0.8311532828124999 0.150390625 0.823228103125 0.1435546875 0.810349684375 0.1357421875 0.810349684375 0.1142578125 0.828181340625 0.1103515625 0.8262000453124999 0.1044921875 0.828181340625 0.09765625 0.8410597578125 0.09765625 0.8588914140625 0.099609375 0.8608727093749999 0.103515625 0.880685659375 0.109375 0.8925734296875 0.1259765625 0.9054518484375 0.134765625 0.9044612000000001 0.1376953125 0.9034705531249999 0.14453125 0.8945547250000001 0.14453125 0.8905921343750001 0.150390625 0.8826669546874999 0.15625 0.86681659375 0.16015625 0.8628540031249999
0 0.140625 0.7657705453125 0.1328125 0.7519014796875 0.1181640625 0.7390230625 0.1083984375 0.7390230625 0.1005859375 0.744966946875 0.0869140625 0.7489295375 0.078125 0.7598266609375 0.078125 0.7697331359375 0.0859375 0.795489971875 0.091796875 0.8073777421875 0.1064453125 0.82421875 0.1103515625 0.8262000453124999 0.115234375 0.825209396875 0.12890625 0.8133216265625001 0.12890625 0.8093590374999999 0.134765625 0.8014338562500001 0.13671875 0.795489971875 0.13671875 0.7756770203125 0.140625 0.7657705453125
0 0.1650390625 0.8697885375000001 0.158203125 0.87672306875 0.150390625 0.8905921343750001 0.150390625 0.9143676749999999 0.1591796875 0.91733961875 0.185546875 0.9163489703125001 0.189453125 0.9123863812499999 0.189453125 0.9024799046875 0.19140625 0.900498609375 0.189453125 0.8787043640625001 0.1806640625 0.8678072421874999 0.1650390625 0.8697885375000001
0 0.6396484375 0.6439208984375 0.607421875 0.6726496765625 0.607421875 0.6785935624999999 0.6162109375 0.6855280953125 0.646484375 0.6845374468750001 0.6572265625 0.6835468 0.662109375 0.6785935624999999 0.666015625 0.67066838125 0.666015625 0.6627432015625 0.6591796875 0.6538273734375 0.6396484375 0.6439208984375
0 0.7705078125 0.7330791765625 0.7548828125 0.725153996875 0.7509765625 0.725153996875 0.74609375 0.734069825 0.7333984375 0.744966946875 0.7314453125 0.744966946875 0.73046875 0.7419950046875 0.736328125 0.7360511187500001 0.7353515625 0.7330791765625 0.7197265625 0.744966946875 0.716796875 0.7519014796875 0.716796875 0.7598266609375 0.712890625 0.767751840625 0.71484375 0.7697331359375 0.716796875 0.7816209062499999 0.7255859375 0.7944993234375 0.7373046875 0.8004432093749999 0.75 0.7994525609375 0.7568359375 0.79648061875 0.767578125 0.7875647906250001 0.77734375 0.7697331359375 0.77734375 0.7439763 0.775390625 0.7380324140625001 0.7705078125 0.7330791765625
0 0.7412109375 0.8044057984374999 0.7294921875 0.8004432093749999 0.7177734375 0.792518028125 0.7041015625 0.77666766875 0.6904296875 0.77666766875 0.6845703125 0.7806302578125 0.677734375 0.7895460859375001 0.677734375 0.8053964468749999 0.68359375 0.815302921875 0.6943359375 0.82421875 0.7099609375 0.828181340625 0.7333984375 0.8400691109375 0.7529296875 0.8400691109375 0.7548828125 0.8420504046874999 0.767578125 0.8410597578125 0.7734375 0.8370971671874999 0.775390625 0.8212468078124999 0.76953125 0.8113403328125001 0.7587890625 0.8024245046875 0.7568359375 0.8044057984374999 0.7412109375 0.8044057984374999
0 0.3408203125 0.566650390625 0.337890625 0.571603628125 0.337890625 0.5775475140624999 0.35546875 0.6013230546874999 0.359375 0.613210825 0.3623046875 0.6161827671875 0.3701171875 0.6161827671875 0.37109375 0.6231173 0.3779296875 0.6280705375 0.388671875 0.6270798906249999 0.40625 0.613210825 0.404296875 0.58547269375 0.3984375 0.5676410375 0.3935546875 0.5626878 0.3486328125 0.5626878 0.3408203125 0.566650390625
0 0.5107421875 0.52504319375 0.5166015625 0.5270244890625 0.5244140625 0.52504319375 0.53515625 0.5141460703125 0.53515625 0.51018348125 0.5322265625 0.5072115390625 0.5185546875 0.50523024375 0.5107421875 0.501267653125 0.4970703125 0.501267653125 0.490234375 0.5062208906250001 0.470703125 0.5458467921875 0.470703125 0.5517906781249999 0.47265625 0.5577345625000001 0.4794921875 0.5626878 0.4921875 0.561697153125 0.5 0.5577345625000001 0.5 0.5517906781249999 0.505859375 0.5458467921875 0.50390625 0.5399029078125 0.505859375 0.5299964312500001 0.5107421875 0.52504319375
0 0.728515625 0.3873431859375 0.7265625 0.3714928265625 0.7216796875 0.36653958750000004 0.7119140625 0.3625769984375 0.7060546875 0.3625769984375 0.6982421875 0.3566331125 0.6943359375 0.3566331125 0.6796875 0.3714928265625 0.677734375 0.38338059687500003 0.67578125 0.3853618921875 0.67578125 0.3952683671875 0.673828125 0.3972496625 0.673828125 0.41111872812500005 0.671875 0.41310002187499995 0.673828125 0.4428194484375 0.6787109375 0.45173527656249995 0.68359375 0.450744628125 0.697265625 0.43885685781249995 0.697265625 0.43489426875000003 0.703125 0.4230064984375 0.7265625 0.3952683671875 0.7265625 0.38932448124999997 0.728515625 0.3873431859375
0 0.69140625 0.5260338421874999 0.6748046875 0.5171180140625 0.6611328125 0.519099309375 0.6533203125 0.5230618984375 0.640625 0.5399029078125 0.640625 0.5498093828124999 0.638671875 0.5517906781249999 0.638671875 0.5597158578125 0.654296875 0.5735849234375 0.654296875 0.58547269375 0.65625 0.589435284375 0.6591796875 0.5924072265625 0.666015625 0.5914165796875 0.6689453125 0.59042593125 0.6796875 0.5775475140624999 0.68359375 0.5636784484375 0.693359375 0.543865496875 0.693359375 0.5299964312500001 0.69140625 0.5260338421874999
0 0.7158203125 0.913377028125 0.708984375 0.92229285625 0.708984375 0.9242741515624999 0.7138671875 0.92724609375 0.734375 0.9262554453125 0.75 0.9123863812499999 0.75 0.9064424953125 0.7431640625 0.8995079625000001 0.7373046875 0.8995079625000001 0.7255859375 0.9054518484375 0.7158203125 0.913377028125
0 0.6953125 0.8390784625000001 0.6953125 0.8450223484375 0.693359375 0.8470036437499999 0.6953125 0.8588914140625 0.6982421875 0.8638446515625 0.7041015625 0.865825946875 0.7138671875 0.8737511265625001 0.71875 0.8727604796874999 0.724609375 0.8648352984375001 0.72265625 0.8489849390625 0.7158203125 0.8440317015625001 0.7099609375 0.8361065203125 0.7001953125 0.834125225 0.6953125 0.8390784625000001
0 0.2333984375 0.380408653125 0.2275390625 0.378427359375 0.2177734375 0.38437124375 0.2041015625 0.388333834375 0.1884765625 0.398240309375 0.177734375 0.40913743281250003 0.173828125 0.42102520312499997 0.169921875 0.4249877921875 0.16796875 0.448763334375 0.169921875 0.45470721875000003 0.1787109375 0.463623046875 0.1875 0.46263240000000005 0.2001953125 0.4556978671875 0.21484375 0.43687556406250005 0.216796875 0.42895038281250003 0.236328125 0.3913057765625 0.236328125 0.38338059687500003 0.2333984375 0.380408653125
0 0.1943359375 0.342764046875 0.1826171875 0.342764046875 0.1806640625 0.34078275156250004 0.142578125 0.3417734 0.142578125 0.3496985796875 0.1552734375 0.3586144078125 0.1708984375 0.3764460640625 0.205078125 0.375455415625 0.2236328125 0.370502178125 0.23046875 0.36158635 0.23046875 0.355642465625 0.2158203125 0.3487079328125 0.2021484375 0.3487079328125 0.1943359375 0.342764046875
0 0.3388671875 0.37446476875 0.3349609375 0.37446476875 0.3173828125 0.38437124375 0.3134765625 0.38437124375 0.302734375 0.3952683671875 0.302734375 0.4051748421875 0.3076171875 0.412109375 0.3154296875 0.41607196562500004 0.349609375 0.41508131718749997 0.3720703125 0.4101280796875 0.376953125 0.4051748421875 0.375 0.3952683671875 0.3603515625 0.380408653125 0.3447265625 0.378427359375 0.3388671875 0.37446476875
0 0.41015625 0.351679875 0.412109375 0.3397921046875 0.3837890625 0.31898850625 0.3798828125 0.31898850625 0.3662109375 0.3110633265625 0.3603515625 0.3110633265625 0.3583984375 0.30908203125 0.3525390625 0.30908203125 0.3505859375 0.3110633265625 0.3271484375 0.3110633265625 0.3203125 0.317997859375 0.31640625 0.327904334375 0.32421875 0.351679875 0.3408203125 0.36653958750000004 0.3447265625 0.36653958750000004 0.3544921875 0.3724834734375 0.361328125 0.3714928265625 0.3642578125 0.36653958750000004 0.3740234375 0.3625769984375 0.3818359375 0.3625769984375 0.3935546875 0.3586144078125 0.4052734375 0.3586144078125 0.41015625 0.351679875
0 0.2998046875 0.3467266375 0.2958984375 0.3467266375 0.28515625 0.3536611703125 0.283203125 0.35960505625 0.287109375 0.3675302359375 0.2939453125 0.3724834734375 0.3017578125 0.3724834734375 0.3037109375 0.37446476875 0.318359375 0.373474121875 0.3330078125 0.3724834734375 0.3359375 0.3675302359375 0.333984375 0.36356764531249997 0.3115234375 0.342764046875 0.3056640625 0.342764046875 0.2998046875 0.3467266375
0 0.2490234375 0.22190504843749997 0.2353515625 0.2060546875 0.2275390625 0.2060546875 0.2216796875 0.21001727812499998 0.2177734375 0.21596116250000003 0.2099609375 0.21596116250000003 0.205078125 0.2209144 0.205078125 0.2328021703125 0.208984375 0.2407273515625 0.2197265625 0.25360576875 0.2236328125 0.2555870640625 0.236328125 0.25459641718750003 0.2412109375 0.25360576875 0.2490234375 0.24766188437499997 0.26171875 0.2328021703125 0.259765625 0.22883958125 0.2529296875 0.22190504843749997 0.2490234375 0.22190504843749997
0 0.1826171875 0.23379281875000002 0.171875 0.2407273515625 0.171875 0.24865253125 0.1826171875 0.2595496546875 0.1923828125 0.2654935390625 0.201171875 0.2645028921875 0.2060546875 0.26153095 0.2119140625 0.26153095 0.21875 0.2565777125 0.2099609375 0.24171799843750003 0.1962890625 0.23379281875000002 0.1826171875 0.23379281875000002
0 0.4287109375 0.17633526093750002 0.4228515625 0.17633526093750002 0.4169921875 0.172372671875 0.4013671875 0.172372671875 0.3896484375 0.17831655625 0.37890625 0.1892136796875 0.375 0.20110145 0.359375 0.2209144 0.357421875 0.22883958125 0.3603515625 0.2318115234375 0.3701171875 0.23379281875000002 0.3837890625 0.24171799843750003 0.3974609375 0.2456805890625 0.4130859375 0.2555870640625 0.43359375 0.25459641718750003 0.4443359375 0.25360576875 0.45703125 0.242708646875 0.462890625 0.22883958125 0.458984375 0.2090266296875 0.4453125 0.191194975 0.4287109375 0.17633526093750002
0 0.4326171875 0.257568359375 0.4189453125 0.257568359375 0.4169921875 0.2595496546875 0.4013671875 0.2595496546875 0.3974609375 0.26153095 0.392578125 0.2684654828125 0.392578125 0.2744093671875 0.3974609375 0.2793626046875 0.4189453125 0.285306490625 0.4365234375 0.2971942609375 0.4609375 0.2962036125 0.4697265625 0.2932316703125 0.474609375 0.2882784328125 0.474609375 0.282334546875 0.4638671875 0.2694561296875 0.4384765625 0.2555870640625 0.4326171875 0.257568359375
0 0.6552734375 0.37446476875 0.6474609375 0.37446476875 0.6416015625 0.378427359375 0.6279296875 0.380408653125 0.623046875 0.38932448124999997 0.623046875 0.4071561375 0.62890625 0.4230064984375 0.6513671875 0.44975398125000005 0.6572265625 0.44975398125000005 0.6630859375 0.453716571875 0.666015625 0.4527259234375 0.669921875 0.448763334375 0.669921875 0.43885685781249995 0.671875 0.43687556406250005 0.671875 0.40319354687500003 0.6640625 0.38338059687500003 0.6552734375 0.37446476875
0 0.681640625 0.46263240000000005 0.6689453125 0.453716571875 0.6611328125 0.453716571875 0.6533203125 0.44975398125000005 0.6337890625 0.4477726859375 0.6318359375 0.445791390625 0.626953125 0.4527259234375 0.626953125 0.468576284375 0.62890625 0.4705575796875 0.62890625 0.49235182499999997 0.6328125 0.5022583 0.6396484375 0.5091928328125 0.6552734375 0.51513671875 0.6611328125 0.51513671875 0.6630859375 0.5171180140625 0.677734375 0.5161273671875 0.68359375 0.5121647765625 0.68359375 0.5062208906250001 0.685546875 0.5042395953125001 0.685546875 0.48640794062500003 0.6875 0.4844266453125 0.681640625 0.46263240000000005
0 0.7529296875 0.06934532812500001 0.7353515625 0.06934532812500001 0.7333984375 0.0713266234375 0.7294921875 0.06934532812500001 0.7255859375 0.0713266234375 0.71875 0.090148925 0.7314453125 0.0911395734375 0.74609375 0.1059992859375 0.748046875 0.111943171875 0.7529296875 0.11689640937500001 0.75390625 0.1159057625 0.759765625 0.111943171875 0.763671875 0.1020366953125 0.763671875 0.084205040625 0.76171875 0.0782611546875 0.7578125 0.0723172703125 0.7529296875 0.06934532812500001
0 0.6884765625 0.0713266234375 0.6845703125 0.06934532812500001 0.67578125 0.07429856562500001 0.67578125 0.08816763125 0.673828125 0.090148925 0.673828125 0.09807410625 0.671875 0.1000554015625 0.669921875 0.111943171875 0.6787109375 0.12085900000000001 0.68359375 0.1198683515625 0.6884765625 0.11689640937500001 0.6962890625 0.106989934375 0.716796875 0.0921302203125 0.712890625 0.0822237453125 0.7021484375 0.0713266234375 0.6884765625 0.0713266234375
0 0.5185546875 0.4319223265625 0.4990234375 0.44182880156250004 0.4921875 0.448763334375 0.4921875 0.46065110468750003 0.494140625 0.46263240000000005 0.49609375 0.4745201703125 0.5029296875 0.481454703125 0.515625 0.48046405468750003 0.5263671875 0.47551081718750005 0.53515625 0.46263240000000005 0.53515625 0.44083815312499997 0.5322265625 0.435884915625 0.5244140625 0.4319223265625 0.5185546875 0.4319223265625
0 0.91796875 0.2763906625 0.9130859375 0.271437425 0.9052734375 0.2694561296875 0.8955078125 0.26153095 0.8857421875 0.26153095 0.876953125 0.2684654828125 0.87890625 0.2704467765625 0.87109375 0.282334546875 0.87109375 0.29422231875 0.8671875 0.30611008906250003 0.8759765625 0.31898850625 0.8818359375 0.3209698015625 0.8837890625 0.31898850625 0.8896484375 0.31898850625 0.8916015625 0.3209698015625 0.8984375 0.3199791546875 0.9091796875 0.31898850625 0.91796875 0.31205397343749997 0.91796875 0.30611008906250003 0.919921875 0.30412879375 0.919921875 0.282334546875 0.91796875 0.2763906625
0 0.10546875 0.31205397343749997 0.099609375 0.32196045 0.099609375 0.3298856296875 0.1103515625 0.3388014578125 0.1240234375 0.3388014578125 0.1259765625 0.34078275156250004 0.14453125 0.3397921046875 0.1552734375 0.3368201625 0.16015625 0.327904334375 0.1552734375 0.322951096875 0.1259765625 0.30908203125 0.1103515625 0.30908203125 0.10546875 0.31205397343749997
0 0.16015625 0.2228956953125 0.1552734375 0.2179424578125 0.1513671875 0.21596116250000003 0.1376953125 0.21596116250000003 0.126953125 0.22883958125 0.123046875 0.2367647609375 0.123046875 0.252615121875 0.12109375 0.2565777125 0.1240234375 0.26153095 0.130859375 0.26054030156249997 0.1337890625 0.257568359375 0.1455078125 0.25360576875 0.16015625 0.23874605624999998 0.16015625 0.2308208765625 0.162109375 0.22883958125 0.16015625 0.2228956953125
0 0.3681640625 0.71128493125 0.3623046875 0.71128493125 0.359375 0.7142568734375 0.359375 0.7221820546875 0.3662109375 0.735060471875 0.3740234375 0.7390230625 0.38671875 0.7380324140625001 0.390625 0.7360511187500001 0.39453125 0.7241633484375 0.392578125 0.7182194640625 0.3857421875 0.71128493125 0.3701171875 0.7093036359375 0.3681640625 0.71128493125
0 0.8095703125 0.5607065046875 0.8046875 0.5676410375 0.8046875 0.5815101031250001 0.814453125 0.599341759375 0.8291015625 0.6102388828125 0.841796875 0.6092482343750001 0.84765625 0.6033043499999999 0.849609375 0.5973604640625 0.84375 0.579528809375 0.83984375 0.5735849234375 0.8291015625 0.566650390625 0.8095703125 0.5607065046875
0 0.82421875 0.11788705625 0.82421875 0.12383094218749999 0.8349609375 0.134728065625 0.83984375 0.1337374171875 0.84375 0.12977482812500002 0.84375 0.12581223749999998 0.84765625 0.1198683515625 0.84765625 0.1059992859375 0.8388671875 0.099064753125 0.82421875 0.11788705625
0 0.4990234375 0.06934532812500001 0.4931640625 0.06934532812500001 0.4833984375 0.0733079171875 0.478515625 0.0782611546875 0.474609375 0.10798058125000001 0.5 0.10798058125000001 0.50390625 0.1040179921875 0.5078125 0.094111515625 0.513671875 0.08816763125 0.513671875 0.084205040625 0.51171875 0.08024244999999999 0.4990234375 0.06934532812500001
0 0.5078125 0.5696223328125 0.5029296875 0.5607065046875 0.4892578125 0.5626878 0.484375 0.56565974375 0.486328125 0.5874539890625 0.48046875 0.599341759375 0.48046875 0.6092482343750001 0.4853515625 0.6161827671875 0.4931640625 0.6201453578125 0.51171875 0.619154709375 0.5185546875 0.6181640625 0.5283203125 0.6122201781250001 0.53515625 0.6052856453125 0.53515625 0.6013230546874999 0.525390625 0.5874539890625 0.5078125 0.5696223328125
0 0.4775390625 0.6340144234375 0.4697265625 0.6379770140625001 0.4609375 0.6488741359375 0.455078125 0.6627432015625 0.4560546875 0.669677734375 0.470703125 0.6686870875 0.4892578125 0.66571514375 0.498046875 0.6607619062500001 0.4921875 0.65085543125 0.490234375 0.6389676609375 0.4833984375 0.6340144234375 0.4775390625 0.6340144234375
0 0.8447265625 0.865825946875 0.8427734375 0.8638446515625 0.8291015625 0.8638446515625 0.822265625 0.8687978890625001 0.822265625 0.8826669546874999 0.8203125 0.88464825 0.82421875 0.8905921343750001 0.82421875 0.8945547250000001 0.8310546875 0.9034705531249999 0.8447265625 0.9113957328125 0.8486328125 0.9113957328125 0.8525390625 0.9153583234375 0.880859375 0.9143676749999999 0.8876953125 0.9113957328125 0.888671875 0.9084237906249999 0.87890625 0.900498609375 0.869140625 0.870779184375 0.8662109375 0.8678072421874999 0.8447265625 0.865825946875
0 0.7509765625 0.24171799843750003 0.74609375 0.2506338265625 0.74609375 0.2565777125 0.75390625 0.2744093671875 0.7724609375 0.2872877859375 0.78125 0.28629713749999997 0.78515625 0.2783719578125 0.78515625 0.2645028921875 0.78125 0.2565777125 0.7705078125 0.24766188437499997 0.7587890625 0.24171799843750003 0.7509765625 0.24171799843750003
0 0.662109375 0.3298856296875 0.662109375 0.33781080937499997 0.658203125 0.3437546953125 0.65625 0.36356764531249997 0.654296875 0.365548940625 0.65625 0.3675302359375 0.65625 0.373474121875 0.6591796875 0.3764460640625 0.6650390625 0.378427359375 0.671875 0.3774367109375 0.68359375 0.365548940625 0.68359375 0.3338482203125 0.6669921875 0.30908203125 0.6640625 0.31205397343749997 0.6640625 0.327904334375 0.662109375 0.3298856296875